1,37,1,1,1,0
6,10,1,1,3,1
11,24,1,1,3,0
16,66,1,1,4,0
16,27,1,-1,1,3
21,51,1,1,4,0
21,9,1,1,3,1
21,7,1,1,1,3
26,27,1,1,2,3
31,22,1,1,2,0
31,8,1,1,2,0
36,45,1,1,5,0
36,37,1,-1,1,4
41,68,1,1,5,1
46,52,1,1,4,1
51,18,1,1,7,0
56,29,1,1,1,2
61,15,1,1,4,2
61,14,1,1,2,4
66,1,1,1,2,1
71,52,1,1,3,1
76,27,1,1,1,2
81,34,1,1,3,3
86,1,1,1,2,0
91,13,1,1,4,0
96,57,1,1,2,0
101,24,1,1,1,0
101,47,1,1,4,0
106,26,1,-1,2,2
106,41,1,1,2,1
106,69,1,1,3,1
111,7,1,1,2,0
116,34,1,1,3,0
121,10,1,1,2,1
126,33,1,1,4,1
131,7,1,1,5,1
136,66,1,1,4,0
141,52,1,1,6,0
146,2,1,1,6,0
151,38,1,1,2,1
156,41,1,1,4,1
161,38,1,1,3,1
166,30,1,1,4,0
171,19,1,1,5,0
196,5,1,1,2,0
206,68,1,1,1,0
211,55,1,1,2,0
216,41,1,1,0,0
221,3,1,1,1,0
226,56,1,1,1,1
231,71,1,1,0,0
236,38,1,1,1,0
261,59,1,1,0,0
266,6,1,1,1,0
271,2,1,1,0,0
276,21,1,1,1,1
1,49,2,1,0,0
6,10,2,1,1,1
6,50,2,1,3,1
11,24,2,1,4,0
18,12,2,1,2,0
21,1,2,1,0,0
28,39,2,1,0,1
28,22,2,1,1,0
38,61,2,1,1,1
38,30,2,-1,1,1
41,39,2,1,4,0
41,68,2,-1,5,0
48,63,2,1,2,0
48,24,2,1,1,1
51,18,2,1,5,0
51,8,2,-1,3,2
51,54,2,1,2,2
60,41,2,1,1,0
61,63,2,1,3,2
61,27,2,-1,3,3
70,47,2,1,1,0
70,17,2,1,0,1
71,35,2,1,2,2
80,10,2,1,0,0
80,24,2,1,0,0
81,26,2,1,2,3
81,34,2,1,2,3
90,38,2,1,1,0
91,31,2,1,1,3
91,6,2,1,2,2
98,5,2,1,0,2
98,52,2,1,1,1
98,35,2,-1,1,1
101,47,2,1,0,0
101,24,2,1,0,0
118,20,2,1,1,0
118,29,2,-1,0,0
118,31,2,1,0,0
118,33,2,-1,0,0
121,11,2,-1,0,1
121,65,2,1,2,1
121,10,2,1,3,1
129,18,2,1,0,0
131,107,2,1,0,0
131,7,2,1,4,1
139,10,2,1,0,0
139,56,2,1,0,0
139,4,2,-1,0,0
141,52,2,1,4,0
149,47,2,1,1,0
151,11,2,-1,2,1
151,38,2,1,3,1
158,11,2,1,0,0
158,19,2,1,1,0
163,6,2,1,1,0
163,22,2,1,1,0
163,17,2,-1,0,1
163,18,2,1,1,0
166,12,2,1,2,1
166,30,2,1,3,0
166,22,2,1,1,2
175,51,2,1,0,0
178,41,2,1,1,0
178,65,2,1,1,0
181,35,2,-1,0,4
181,22,2,1,4,0
190,20,2,1,0,0
193,10,2,1,2,0
196,24,2,1,0,1
196,5,2,1,0,0
203,54,2,1,3,0
203,62,2,1,3,0
213,14,2,1,1,0
213,71,2,1,1,0
216,41,2,1,1,0
216,20,2,1,0,0
223,30,2,1,1,0
223,18,2,-1,2,0
226,56,2,1,3,1
226,48,2,1,1,2
233,124,2,1,0,0
236,17,2,-1,0,2
236,38,2,1,3,0
243,35,2,-1,0,2
243,24,2,1,2,0
246,20,2,1,3,0
253,48,2,1,0,0
263,24,2,1,1,1
263,29,2,-1,1,1
263,56,2,1,0,2
267,71,2,1,2,0
267,54,2,-1,1,1
267,58,2,-1,1,1
267,61,2,1,2,0
271,2,2,1,3,0
277,24,2,1,0,1
277,16,2,-1,2,0
277,35,2,1,0,0
277,21,2,1,0,0
5,9,5,1,1,0
8,62,5,1,2,0
13,72,5,1,1,0
17,31,5,-1,1,0
17,66,5,1,0,0
17,12,5,1,1,0
28,55,5,1,0,0
28,51,5,1,0,0
28,39,5,-1,0,0
36,35,5,1,0,0
36,48,5,1,0,0
36,32,5,-1,0,0
36,37,5,-1,0,0
36,45,5,1,0,0
43,11,5,1,0,0
43,35,5,1,0,0
43,55,5,1,0,0
47,43,5,-1,0,0
47,66,5,-1,0,1
47,47,5,1,1,0
51,18,5,1,1,0
51,8,5,1,1,0
57,19,5,1,1,0
57,7,5,1,1,1
63,62,5,1,0,0
67,17,5,1,1,1
67,47,5,1,1,1
67,34,5,1,2,0
71,52,5,1,0,1
71,35,5,1,0,1
71,14,5,-1,1,0
71,67,5,1,0,1
77,52,5,1,2,0
77,19,5,1,2,0
83,1,5,1,0,0
83,47,5,1,0,0
87,18,5,1,1,0
87,42,5,1,1,0
93,43,5,1,0,1
93,18,5,1,1,0
93,50,5,1,1,0
93,22,5,-1,1,0
93,32,5,-1,0,1
93,39,5,-1,1,0
96,65,5,1,0,1
96,2,5,1,1,0
96,57,5,1,1,0
96,15,5,-1,0,1
96,67,5,1,0,1
96,9,5,1,1,0
102,31,5,-1,0,0
102,65,5,1,0,0
102,23,5,-1,0,0
102,4,5,-1,0,0
102,12,5,1,1,0
102,64,5,1,0,0
108,35,5,1,0,0
108,64,5,1,0,0
108,42,5,-1,0,0
108,18,5,1,0,0
108,29,5,-1,0,0
108,68,5,-1,0,0
111,19,5,1,0,0
111,60,5,1,0,0
111,5,5,-1,0,0
111,44,5,1,0,0
111,7,5,1,0,0
111,48,5,1,0,0
117,5,5,-1,1,0
117,69,5,1,1,0
117,25,5,-1,0,1
117,62,5,1,0,0
117,37,5,-1,0,1
117,71,5,-1,0,1
123,9,5,1,0,0
123,29,5,1,0,0
123,63,5,1,0,0
123,68,5,1,0,0
123,25,5,-1,0,0
123,14,5,-1,0,0
126,33,5,-1,1,0
126,42,5,-1,0,1
126,22,5,-1,0,0
126,21,5,-1,0,0
126,37,5,-1,0,1
126,20,5,1,1,0
135,13,5,-1,0,0
135,68,5,-1,0,0
135,53,5,-1,0,0
135,10,5,-1,0,0
135,37,5,-1,0,0
135,57,5,1,0,0
137,56,5,1,0,1
137,61,5,1,1,0
137,63,5,-1,1,0
137,14,5,-1,0,1
137,69,5,1,0,2
137,46,5,-1,1,1
141,52,5,1,2,0
141,64,5,-1,1,1
141,44,5,1,2,0
141,54,5,-1,1,1
141,31,5,1,1,1
141,56,5,-1,0,2
150,19,5,1,1,0
152,18,5,1,1,0
152,20,5,1,1,0
152,35,5,1,1,0
152,17,5,-1,1,0
152,23,5,-1,0,1
156,6,5,1,0,0
156,72,5,1,0,1
156,46,5,-1,0,0
156,5,5,-1,1,0
156,41,5,1,1,1
156,20,5,1,2,0
162,35,5,1,1,0
162,34,5,-1,0,1
162,48,5,1,0,1
162,30,5,1,0,1
162,26,5,1,0,1
162,1,5,1,0,1
166,64,5,1,0,1
166,40,5,1,0,1
166,26,5,1,0,1
166,12,5,1,0,1
166,22,5,-1,1,0
166,30,5,1,1,0
172,11,5,1,1,0
172,48,5,1,0,1
172,16,5,1,1,0
172,24,5,-1,0,1
172,29,5,-1,0,1
172,9,5,1,1,0
176,58,5,1,1,0
176,23,5,-1,0,1
176,29,5,-1,1,0
176,38,5,-1,1,0
176,18,5,1,1,0
176,24,5,-1,1,0
182,16,5,1,0,0
182,45,5,1,0,0
182,5,5,-1,0,0
182,66,5,1,0,0
182,52,5,1,0,0
182,25,5,-1,0,0
186,2,5,-1,0,0
186,13,5,-1,0,0
186,52,5,1,1,0
186,19,5,1,1,0
186,14,5,-1,0,1
186,66,5,-1,1,0
192,5,5,-1,0,0
192,7,5,1,0,0
192,34,5,-1,0,0
192,39,5,-1,0,0
192,59,5,-1,0,0
192,31,5,1,0,0
204,16,5,1,1,0
204,9,5,1,1,0
204,38,5,-1,0,1
204,18,5,1,0,1
204,60,5,-1,0,1
204,45,5,1,0,1
208,71,5,-1,0,1
208,7,5,1,0,1
208,23,5,-1,0,1
208,49,5,1,0,1
208,38,5,-1,0,1
208,9,5,1,1,0
211,55,5,1,1,0
211,63,5,-1,1,0
211,8,5,-1,0,1
211,65,5,1,1,0
211,37,5,-1,1,0
211,57,5,1,1,0
219,20,5,1,0,0
219,30,5,1,0,0
219,38,5,-1,0,0
219,8,5,-1,0,0
219,32,5,-1,0,0
219,14,5,-1,0,0
223,18,5,1,0,0
223,66,5,-1,0,0
223,64,5,-1,0,0
223,28,5,-1,1,0
223,38,5,-1,1,0
223,30,5,1,0,0
226,53,5,-1,0,1
226,61,5,1,0,1
226,5,5,-1,1,0
226,27,5,-1,0,1
226,56,5,1,0,1
226,48,5,1,0,1
234,36,5,-1,0,0
234,38,5,-1,0,0
234,65,5,1,0,0
234,43,5,1,0,0
234,39,5,-1,0,0
234,23,5,-1,0,0
237,18,5,1,0,1
237,39,5,-1,0,1
237,32,5,-1,0,1
237,47,5,1,0,1
237,7,5,-1,1,0
237,34,5,-1,0,1
241,41,5,1,0,0
241,3,5,-1,0,0
241,69,5,1,0,0
241,50,5,-1,0,0
241,40,5,1,0,0
241,58,5,1,0,0
249,23,5,-1,0,0
249,35,5,1,0,0
249,3,5,-1,0,0
249,61,5,1,0,0
249,64,5,1,0,0
249,62,5,-1,0,0
252,66,5,-1,0,0
252,62,5,1,0,0
252,32,5,-1,0,0
252,16,5,1,0,0
252,4,5,-1,0,0
252,57,5,1,0,0
256,53,5,-1,0,1
256,26,5,-1,0,1
256,43,5,-1,0,1
256,58,5,1,0,1
256,8,5,-1,0,1
256,42,5,-1,0,1
264,2,5,-1,0,0
264,69,5,1,0,0
264,43,5,1,0,0
264,52,5,1,0,0
264,66,5,-1,0,0
264,53,5,1,0,0
266,6,5,1,2,0
266,45,5,1,1,0
266,25,5,-1,0,1
266,43,5,1,0,1
266,62,5,-1,1,0
266,2,5,1,1,0
274,9,5,1,0,1
274,30,5,1,1,0
274,45,5,1,0,1
274,29,5,-1,1,0
274,60,5,-1,0,1
274,32,5,-1,0,1
276,52,5,1,1,1
276,47,5,1,0,2
276,9,5,-1,2,0
276,50,5,-1,0,2
276,45,5,-1,0,2
1,36,6,-1,1,1
1,49,6,1,2,1
1,67,6,1,1,1
1,55,6,1,2,0
1,37,6,-1,4,0
1,64,6,-1,0,2
6,50,6,-1,0,0
6,63,6,-1,0,0
6,10,6,1,0,0
6,33,6,-1,0,0
6,28,6,1,0,0
6,25,6,-1,0,0
11,24,6,1,0,0
11,8,6,1,0,0
11,53,6,-1,0,0
11,14,6,1,0,0
11,31,6,-1,0,0
11,40,6,-1,0,0
17,12,6,1,0,0
17,31,6,-1,1,1
17,66,6,-1,1,0
17,5,6,-1,0,0
17,42,6,1,0,0
17,46,6,1,0,0
22,9,6,1,0,0
22,10,6,1,0,0
22,24,6,-1,0,0
22,70,6,-1,0,0
22,2,6,-1,0,0
22,36,6,-1,0,0
26,6,6,1,0,0
26,45,6,1,0,0
26,10,6,1,0,0
26,41,6,-1,0,0
26,18,6,-1,0,0
26,27,6,-1,0,0
32,2,6,1,0,0
32,38,6,-1,0,0
32,40,6,-1,0,0
32,17,6,1,0,0
32,8,6,1,0,0
32,16,6,1,0,0
37,45,6,1,0,0
37,29,6,1,0,0
37,50,6,-1,0,0
37,43,6,-1,0,0
37,25,6,-1,0,0
37,39,6,-1,0,0
41,68,6,1,0,0
41,39,6,1,0,0
41,71,6,1,0,0
41,44,6,-1,0,0
41,15,6,-1,0,0
41,31,6,-1,0,0
51,63,6,-1,1,1
51,54,6,-1,1,1
51,5,6,-1,0,2
51,67,6,1,1,1
51,18,6,1,3,0
51,8,6,1,2,1
58,72,6,1,0,0
58,12,6,1,0,0
58,3,6,-1,0,0
58,14,6,-1,0,0
58,64,6,-1,0,0
58,33,6,-1,0,0
61,5,6,-1,1,3
61,14,6,1,1,4
61,15,6,1,3,2
61,27,6,-1,3,2
61,56,6,-1,1,3
61,63,6,-1,3,1
68,67,6,-1,0,0
68,64,6,-1,0,0
68,29,6,-1,0,0
68,66,6,1,0,0
68,53,6,-1,0,0
68,36,6,-1,0,0
71,52,6,-1,0,0
71,35,6,-1,0,0
71,14,6,1,0,0
71,15,6,1,0,0
71,26,6,-1,0,0
71,67,6,-1,0,0
78,6,6,1,0,0
78,4,6,1,0,0
78,64,6,-1,0,0
78,63,6,-1,0,0
78,70,6,-1,0,0
78,44,6,1,0,0
81,34,6,1,0,0
81,67,6,-1,0,0
81,51,6,-1,0,0
81,63,6,1,0,0
81,26,6,-1,0,0
81,8,6,-1,0,0
89,54,6,1,0,0
89,45,6,1,0,0
89,17,6,-1,0,0
89,69,6,-1,0,0
89,52,6,1,0,0
91,13,6,1,0,0
91,6,6,1,0,0
91,37,6,1,0,0
91,14,6,-1,0,0
91,31,6,-1,0,0
91,52,6,-1,0,0
100,5,6,-1,0,0
100,56,6,-1,0,0
100,47,6,1,0,0
100,13,6,1,0,0
100,35,6,-1,0,0
100,65,6,-1,0,0
101,68,6,1,1,0
101,55,6,-1,1,0
101,24,6,-1,3,0
101,63,6,-1,0,1
101,62,6,-1,0,1
101,47,6,1,2,0
110,12,6,1,0,0
110,47,6,1,0,0
110,29,6,-1,0,0
110,5,6,-1,0,0
110,71,6,-1,0,0
110,42,6,-1,0,0
110,43,6,-1,0,0
120,5,6,-1,0,1
120,31,6,-1,1,0
120,42,6,-1,0,1
120,3,6,1,0,0
120,53,6,-1,0,1
120,28,6,-1,0,1
121,42,6,-1,0,3
121,65,6,-1,3,1
121,22,6,1,1,2
121,11,6,1,1,3
121,1,6,1,1,2
121,10,6,1,4,1
130,20,6,1,0,0
131,15,6,1,2,0
131,7,6,1,2,1
131,45,6,1,2,1
131,65,6,-1,2,1
131,70,6,-1,1,2
131,13,6,-1,1,2
131,107,6,-1,1,0
140,1,6,1,0,0
140,53,6,-1,0,0
140,58,6,-1,0,0
140,33,6,-1,0,0
140,70,6,-1,0,0
140,60,6,1,0,0
141,52,6,1,7,0
150,19,6,1,0,0
151,11,6,1,2,2
151,48,6,-1,1,1
151,7,6,1,1,1
158,19,6,1,2,0
158,11,6,1,1,0
158,20,6,-1,1,1
161,15,6,1,3,2
161,67,6,-1,2,3
161,44,6,1,2,3
161,38,6,-1,4,1
161,27,6,-1,2,3
161,42,6,-1,4,1
167,13,6,-1,1,1
167,57,6,1,0,2
167,54,6,-1,1,1
167,66,6,1,2,0
167,17,6,-1,0,2
167,63,6,-1,1,1
171,62,6,-1,3,1
171,19,6,1,3,0
171,17,6,-1,1,3
171,63,6,-1,1,3
171,36,6,-1,2,2
171,41,6,-1,3,1
177,1,6,-1,0,1
177,51,6,-1,0,1
177,3,6,1,1,0
177,54,6,-1,1,1
177,32,6,-1,0,1
177,39,6,-1,0,1
181,1,6,1,1,2
181,60,6,1,3,0
181,22,6,1,3,0
181,32,6,-1,2,1
181,35,6,-1,0,3
181,71,6,-1,1,2
187,51,6,-1,0,2
187,28,6,-1,0,2
187,8,6,-1,0,2
187,68,6,1,2,0
187,9,6,1,1,1
187,47,6,-1,1,1
191,42,6,-1,1,3
191,48,6,-1,1,3
191,68,6,1,4,0
191,18,6,-1,3,1
191,15,6,-1,1,3
191,9,6,1,3,1
200,3,6,1,1,0
201,10,6,1,3,0
201,16,6,1,3,0
201,11,6,1,2,1
210,10,6,1,0,0
210,1,6,-1,0,0
210,27,6,-1,0,0
210,56,6,-1,0,0
210,68,6,1,0,0
210,63,6,-1,0,0
211,55,6,1,5,0
211,57,6,1,4,0
211,63,6,-1,3,1
211,8,6,-1,0,4
211,65,6,-1,4,0
211,37,6,-1,2,2
220,47,6,-1,0,1
220,70,6,1,1,0
220,17,6,-1,0,1
220,2,6,-1,1,0
220,20,6,1,0,1
220,55,6,-1,0,1
221,2,6,1,1,0
221,3,6,1,2,0
221,29,6,-1,1,0
221,58,6,-1,1,0
221,21,6,-1,0,1
221,51,6,-1,0,1
230,31,6,-1,1,0
230,24,6,-1,0,1
230,2,6,1,1,0
230,63,6,-1,0,1
230,45,6,-1,0,1
230,66,6,1,0,1
231,57,6,1,0,0
231,71,6,1,1,0
231,21,6,-1,0,0
231,36,6,-1,0,0
231,50,6,-1,0,0
231,32,6,-1,0,0
239,12,6,1,0,0
239,3,6,1,0,0
239,19,6,1,0,0
239,40,6,-1,0,0
239,66,6,-1,0,0
239,71,6,-1,0,0
241,41,6,1,1,0
241,3,6,1,0,1
241,69,6,-1,1,0
241,50,6,-1,0,1
241,40,6,-1,1,0
241,58,6,-1,1,0
249,61,6,1,1,0
249,23,6,-1,0,1
249,35,6,-1,1,0
249,3,6,-1,0,1
249,64,6,-1,1,0
249,62,6,-1,0,1
251,52,6,1,2,2
251,64,6,-1,4,0
251,40,6,-1,0,4
251,47,6,-1,3,1
251,35,6,-1,0,4
251,13,6,1,2,2
259,59,6,1,0,0
259,11,6,1,0,0
259,24,6,-1,0,0
259,35,6,-1,0,0
259,8,6,-1,0,0
259,44,6,-1,0,0
261,22,6,1,3,0
261,59,6,1,2,2
261,66,6,-1,1,2
261,64,6,-1,2,1
261,44,6,-1,1,2
261,32,6,-1,1,2
266,6,6,1,3,0
266,45,6,-1,2,0
266,25,6,-1,0,2
266,2,6,1,2,0
266,62,6,-1,1,1
266,43,6,-1,1,1
271,56,6,1,0,0
271,60,6,1,0,0
271,2,6,1,1,0
271,55,6,-1,0,0
271,39,6,-1,0,0
271,21,6,-1,0,0
276,9,6,1,0,0
276,21,6,1,0,0
276,45,6,-1,0,0
276,50,6,-1,0,0
276,47,6,-1,0,0
276,52,6,-1,0,0
4,48,7,1,0,0
4,26,7,1,0,0
4,5,7,-1,0,0
4,54,7,-1,0,0
4,45,7,-1,0,0
4,49,7,1,1,0
9,45,7,1,0,0
9,44,7,1,0,0
9,64,7,1,0,0
9,26,7,1,1,0
9,30,7,-1,1,0
9,52,7,-1,0,1
9,33,7,-1,0,0
12,37,7,1,1,0
12,11,7,-1,1,0
12,10,7,1,1,0
12,34,7,-1,1,0
12,25,7,1,1,0
12,53,7,1,1,0
16,54,7,-1,1,2
16,25,7,1,2,1
16,72,7,1,1,2
16,27,7,1,0,3
16,66,7,1,3,0
16,56,7,-1,1,2
22,70,7,-1,0,2
22,2,7,-1,1,2
22,36,7,-1,0,3
22,24,7,-1,2,1
22,10,7,1,1,1
22,9,7,1,1,1
31,8,7,1,1,0
31,30,7,-1,0,1
31,44,7,1,1,1
31,58,7,-1,1,0
31,12,7,1,0,1
31,22,7,1,1,0
37,25,7,1,0,2
37,29,7,-1,2,0
37,45,7,1,1,1
37,43,7,-1,0,2
37,50,7,-1,0,2
37,39,7,1,1,1
42,33,7,-1,0,1
42,11,7,-1,1,0
42,5,7,1,1,0
42,53,7,-1,1,0
42,40,7,-1,0,1
42,44,7,1,1,0
46,48,7,1,0,1
46,72,7,1,0,1
46,52,7,-1,1,0
46,26,7,1,0,1
46,40,7,-1,0,1
46,36,7,-1,0,1
53,1,7,1,0,0
53,38,7,-1,0,0
53,34,7,-1,0,0
53,60,7,1,0,0
53,47,7,-1,0,0
53,64,7,1,0,0
58,64,7,1,0,1
58,14,7,1,0,1
58,3,7,1,0,1
58,72,7,1,1,0
58,12,7,1,1,0
58,33,7,-1,0,1
61,27,7,1,2,2
61,56,7,-1,1,2
61,63,7,1,2,1
61,14,7,-1,1,3
61,15,7,1,2,2
68,29,7,-1,0,2
68,64,7,1,0,1
68,67,7,1,1,1
68,36,7,-1,0,1
68,66,7,1,1,0
68,53,7,-1,0,1
73,5,7,-1,0,1
73,64,7,1,1,0
73,21,7,-1,1,0
73,57,7,1,1,0
73,7,7,1,1,0
73,17,7,1,1,0
76,27,7,1,0,1
76,30,7,-1,0,2
76,40,7,-1,2,0
76,41,7,1,1,1
76,21,7,-1,0,1
76,69,7,-1,1,1
83,1,7,1,1,0
83,64,7,1,0,0
83,15,7,-1,0,0
83,28,7,1,0,0
83,47,7,-1,1,0
83,10,7,1,0,0
88,16,7,1,2,1
88,47,7,1,2,1
88,51,7,1,1,2
88,21,7,1,1,2
88,38,7,-1,1,2
88,28,7,1,1,2
92,60,7,-1,0,0
92,51,7,1,0,0
92,3,7,1,0,0
92,25,7,1,0,0
92,4,7,-1,0,0
92,29,7,-1,0,0
96,65,7,-1,1,1
96,2,7,1,2,0
96,57,7,1,3,0
96,15,7,-1,0,2
96,67,7,1,1,1
96,9,7,1,2,0
103,20,7,1,3,0
103,3,7,1,3,0
103,16,7,1,1,2
103,39,7,1,1,2
103,17,7,-1,1,2
103,9,7,-1,1,2
107,67,7,1,0,0
107,47,7,1,0,0
107,16,7,1,0,0
107,53,7,-1,0,0
107,37,7,1,0,0
107,56,7,-1,0,0
111,5,7,-1,0,1
111,60,7,1,1,0
111,48,7,1,1,0
111,19,7,1,1,0
111,44,7,1,1,0
111,7,7,1,1,0
118,33,7,-1,0,2
118,53,7,-1,0,1
118,20,7,1,2,1
118,29,7,-1,0,2
118,31,7,-1,1,1
118,7,7,1,2,0
127,31,7,-1,0,1
127,59,7,-1,0,1
127,13,7,1,0,0
127,48,7,1,0,1
127,4,7,-1,1,0
127,11,7,-1,1,0
131,15,7,1,1,0
131,7,7,1,1,1
131,45,7,1,1,1
131,65,7,1,1,1
131,70,7,-1,1,1
131,13,7,1,0,2
138,9,7,1,1,0
138,15,7,1,1,0
138,68,7,1,1,0
138,43,7,1,0,1
138,17,7,-1,0,1
138,35,7,-1,0,1
142,51,7,1,0,0
142,42,7,1,0,0
142,67,7,1,0,0
142,32,7,-1,0,0
142,41,7,1,0,0
142,61,7,1,0,0
146,21,7,-1,0,0
146,2,7,1,0,0
146,59,7,-1,0,0
146,34,7,-1,0,0
146,28,7,1,0,0
146,32,7,-1,0,0
153,15,7,-1,0,1
153,21,7,-1,0,1
153,68,7,1,1,0
153,12,7,1,1,0
153,11,7,-1,1,0
153,49,7,1,1,0
157,23,7,-1,0,1
157,8,7,1,0,1
157,13,7,1,0,1
157,24,7,-1,0,1
157,44,7,1,1,0
157,27,7,1,0,1
163,46,7,1,0,0
163,64,7,1,0,0
163,22,7,1,0,0
163,6,7,1,0,0
163,18,7,1,0,0
163,17,7,-1,0,0
167,13,7,1,0,0
167,57,7,-1,0,0
167,54,7,-1,0,0
167,63,7,1,0,0
167,17,7,-1,0,0
167,66,7,1,0,0
171,41,7,1,0,1
171,17,7,-1,0,1
171,62,7,1,1,0
171,36,7,-1,0,1
171,63,7,1,0,1
171,19,7,1,1,0
178,41,7,1,0,0
178,71,7,-1,0,0
178,65,7,1,0,0
178,60,7,-1,0,0
178,15,7,1,0,0
178,52,7,-1,0,0
182,16,7,1,1,0
182,45,7,-1,1,0
182,5,7,1,0,1
182,66,7,1,1,0
182,52,7,-1,1,0
182,25,7,1,0,1
188,35,7,-1,0,0
188,42,7,1,0,0
188,33,7,-1,0,0
188,15,7,-1,0,0
188,36,7,-1,0,0
188,59,7,-1,0,0
192,5,7,-1,0,1
192,7,7,1,1,0
192,34,7,-1,0,1
192,39,7,1,0,1
192,59,7,-1,0,1
192,31,7,-1,1,0
197,51,7,1,0,1
197,56,7,1,1,0
197,10,7,1,1,0
197,42,7,-1,0,1
197,35,7,-1,0,1
197,6,7,1,1,0
201,10,7,1,2,0
201,36,7,-1,0,2
201,16,7,1,2,0
201,11,7,-1,2,0
201,31,7,-1,0,2
201,28,7,-1,0,2
210,27,7,1,0,1
210,1,7,1,0,1
210,56,7,-1,0,1
210,63,7,1,0,1
210,68,7,1,1,0
210,10,7,1,1,0
214,8,7,1,0,0
214,26,7,1,0,0
214,38,7,-1,0,0
214,68,7,1,0,0
214,43,7,-1,0,0
214,49,7,-1,0,0
218,35,7,-1,0,2
218,66,7,1,0,2
218,53,7,1,1,1
218,69,7,-1,1,0
218,38,7,-1,1,1
218,26,7,1,0,2
222,7,7,1,0,1
222,54,7,-1,0,1
222,53,7,-1,0,1
222,14,7,1,1,0
222,8,7,1,0,1
222,25,7,1,1,0
228,16,7,1,0,0
228,18,7,1,0,0
228,13,7,1,0,0
228,19,7,-1,0,0
228,38,7,-1,0,0
228,72,7,1,0,0
238,67,7,1,0,0
238,43,7,-1,0,0
238,22,7,1,0,0
238,62,7,1,0,0
238,2,7,1,0,0
238,57,7,1,0,0
241,41,7,1,3,0
241,3,7,1,2,1
241,69,7,-1,1,1
241,50,7,-1,0,2
241,40,7,-1,2,1
241,58,7,-1,2,1
248,33,7,-1,0,1
248,16,7,1,1,0
248,70,7,-1,0,1
248,11,7,-1,0,1
248,26,7,1,0,1
248,41,7,1,0,1
251,13,7,1,0,1
251,35,7,-1,0,1
251,47,7,1,1,0
251,40,7,-1,0,1
251,64,7,1,1,0
251,52,7,-1,1,0
258,12,7,1,2,0
258,67,7,1,1,1
258,27,7,1,1,1
258,10,7,1,1,0
258,5,7,1,2,0
258,13,7,1,1,1
261,22,7,1,1,0
261,59,7,-1,1,1
261,66,7,1,0,1
261,64,7,1,0,1
261,44,7,1,0,1
261,32,7,-1,1,0
269,21,7,-1,0,0
269,22,7,1,0,0
269,60,7,-1,0,0
269,63,7,1,0,0
269,43,7,-1,0,0
269,36,7,-1,0,0
271,39,7,1,0,1
271,55,7,1,0,1
271,2,7,1,2,0
271,60,7,-1,1,0
271,56,7,-1,1,0
271,21,7,-1,0,1
279,55,7,1,1,0
279,18,7,1,0,1
279,51,7,1,1,0
279,44,7,1,1,0
279,9,7,-1,1,0
279,7,7,1,1,0
1,67,8,-1,2,1
1,49,8,1,4,1
1,36,8,1,1,2
1,64,8,-1,0,3
1,37,8,1,4,1
1,55,8,1,3,0
6,25,8,-1,0,2
6,33,8,-1,0,2
6,28,8,-1,1,1
6,10,8,1,2,1
6,63,8,-1,1,1
6,50,8,1,1,1
11,24,8,1,2,0
11,8,8,1,1,1
11,53,8,-1,1,2
11,14,8,1,1,1
11,31,8,-1,0,2
11,40,8,-1,1,2
18,19,8,-1,1,0
18,52,8,-1,1,0
18,7,8,1,1,0
18,60,8,1,1,0
18,12,8,1,1,0
18,20,8,-1,0,2
22,36,8,-1,0,2
22,2,8,1,0,2
22,70,8,1,0,3
22,24,8,1,1,1
22,10,8,-1,2,1
22,9,8,-1,2,1
26,27,8,-1,2,2
26,18,8,1,2,3
26,41,8,1,2,2
26,10,8,-1,3,1
26,45,8,-1,3,2
26,6,8,1,3,1
33,20,8,-1,1,1
33,18,8,1,0,2
33,67,8,-1,1,1
33,40,8,1,1,1
33,37,8,1,2,0
33,63,8,-1,0,2
41,68,8,1,4,0
41,39,8,1,3,0
41,31,8,-1,0,3
41,15,8,1,1,3
41,44,8,1,0,3
41,71,8,-1,1,2
52,48,8,-1,0,3
52,27,8,-1,1,2
52,12,8,1,2,1
52,66,8,-1,0,3
52,51,8,-1,1,2
52,61,8,-1,1,2
62,30,8,-1,0,2
62,52,8,1,2,0
62,6,8,1,2,0
62,22,8,1,1,1
62,61,8,-1,0,2
62,53,8,-1,0,2
68,29,8,-1,0,1
68,67,8,1,0,1
68,64,8,1,1,1
68,36,8,-1,0,2
68,66,8,1,2,0
68,53,8,1,0,2
72,12,8,1,1,0
72,61,8,-1,0,1
72,33,8,-1,0,1
72,23,8,-1,0,1
72,44,8,1,0,1
72,8,8,-1,0,1
76,27,8,-1,2,2
76,30,8,-1,0,3
76,40,8,-1,2,1
76,41,8,1,2,1
76,21,8,-1,0,2
76,69,8,1,1,2
82,53,8,1,2,1
82,27,8,-1,0,3
82,61,8,-1,0,3
82,50,8,1,1,2
82,29,8,-1,2,1
88,16,8,-1,1,0
88,47,8,1,1,0
88,51,8,-1,0,1
88,28,8,1,0,1
88,38,8,1,0,1
88,21,8,-1,1,0
92,4,8,-1,0,1
92,3,8,1,1,1
92,60,8,1,0,1
92,29,8,-1,0,2
92,51,8,-1,2,0
92,25,8,1,1,1
100,35,8,-1,0,1
100,5,8,1,0,1
100,65,8,-1,0,1
100,56,8,-1,0,1
100,47,8,1,1,0
109,7,8,1,1,0
109,52,8,1,1,0
109,58,8,-1,0,1
109,45,8,1,1,0
109,67,8,1,0,1
109,6,8,1,0,1
119,63,8,-1,0,0
119,69,8,1,0,0
119,61,8,-1,0,0
119,50,8,1,0,0
119,68,8,1,0,0
119,10,8,-1,0,0
127,59,8,-1,0,3
127,31,8,-1,1,2
127,48,8,-1,1,2
127,4,8,-1,2,1
127,11,8,1,2,1
127,13,8,-1,2,0
139,42,8,1,0,0
139,26,8,-1,0,0
139,49,8,1,0,0
139,4,8,-1,0,1
139,56,8,1,1,0
139,10,8,-1,1,0
157,13,8,1,2,1
157,23,8,-1,0,3
157,8,8,1,2,1
157,27,8,-1,1,2
157,24,8,1,1,2
157,44,8,-1,2,1
170,12,8,1,1,0
170,52,8,-1,0,1
170,16,8,-1,1,0
170,11,8,1,1,0
170,4,8,-1,1,0
170,39,8,-1,1,0
173,18,8,1,1,1
173,14,8,1,1,1
173,32,8,-1,0,2
173,58,8,1,1,1
173,40,8,-1,0,2
173,21,8,-1,1,1
185,31,8,-1,0,1
185,4,8,1,1,0
185,28,8,1,0,1
185,8,8,-1,0,1
185,22,8,1,1,0
185,43,8,-1,0,1
188,35,8,-1,0,1
188,42,8,1,2,0
188,33,8,-1,0,1
188,59,8,-1,0,1
188,18,8,1,1,0
188,15,8,-1,0,1
188,36,8,-1,0,1
196,5,8,1,3,0
196,24,8,-1,1,1
196,69,8,-1,1,0
196,15,8,-1,1,0
196,18,8,1,1,0
196,61,8,1,0,1
206,59,8,-1,2,0
206,68,8,1,3,0
206,6,8,1,0,1
206,19,8,1,1,0
206,4,8,-1,1,0
206,46,8,1,2,0
211,55,8,1,6,0
211,63,8,-1,3,2
211,8,8,-1,0,5
211,65,8,-1,4,1
211,37,8,1,2,3
211,57,8,-1,5,0
216,67,8,1,0,2
216,41,8,1,3,1
216,50,8,1,1,1
216,20,8,-1,3,0
216,33,8,-1,1,1
216,23,8,-1,1,1
3,24,9,1,0,0
3,68,9,1,0,0
3,9,9,-1,0,0
3,49,9,-1,0,0
3,13,9,-1,0,0
3,3,9,-1,0,1
10,48,9,-1,0,1
10,11,9,-1,0,0
10,15,9,-1,0,0
10,65,9,1,0,0
10,56,9,-1,1,0
10,66,9,1,1,0
13,3,9,1,1,0
13,68,9,1,1,1
13,49,9,-1,1,1
13,10,9,-1,0,2
13,72,9,-1,2,0
13,26,9,1,1,0
16,54,9,-1,0,0
16,25,9,-1,0,0
16,72,9,-1,0,0
16,56,9,-1,0,0
16,27,9,-1,0,0
16,66,9,1,0,0
25,58,9,-1,0,0
25,20,9,1,0,0
28,55,9,-1,2,0
28,22,9,1,2,0
28,39,9,-1,1,2
28,4,9,-1,1,0
28,3,9,-1,1,0
31,44,9,1,0,1
40,55,9,-1,0,0
40,63,9,1,0,0
40,4,9,1,0,0
40,3,9,-1,0,0
40,49,9,-1,0,0
43,55,9,-1,2,0
43,11,9,-1,1,1
43,36,9,-1,0,1
43,28,9,-1,1,0
43,35,9,-1,1,1
43,46,9,1,1,0
46,52,9,1,3,1
46,26,9,-1,3,1
46,40,9,-1,1,2
46,36,9,-1,1,2
46,48,9,-1,2,2
46,72,9,-1,2,2
52,48,9,-1,0,0
52,61,9,1,0,0
52,51,9,-1,0,0
52,66,9,-1,0,0
52,12,9,-1,0,0
52,27,9,-1,0,0
61,56,9,-1,0,0
61,15,9,1,0,0
61,14,9,-1,0,0
61,5,9,-1,0,0
61,63,9,-1,0,0
61,27,9,-1,0,0
67,34,9,1,3,0
67,27,9,-1,1,1
67,17,9,1,2,1
67,45,9,-1,1,1
72,61,9,-1,0,3
72,23,9,-1,1,2
72,33,9,-1,1,2
72,44,9,1,2,1
72,12,9,1,3,0
72,8,9,-1,1,2
76,41,9,1,0,1
76,40,9,1,1,0
76,30,9,-1,0,1
76,69,9,-1,1,0
76,27,9,-1,1,1
82,29,9,1,1,0
82,53,9,-1,1,0
82,27,9,-1,0,1
82,46,9,-1,0,1
82,61,9,-1,0,1
82,50,9,1,0,1
87,18,9,1,2,1
87,5,9,-1,0,2
87,17,9,-1,1,1
87,58,9,-1,1,1
87,42,9,1,3,0
91,13,9,1,2,0
91,37,9,-1,1,1
91,6,9,-1,1,1
91,14,9,-1,1,1
91,31,9,-1,1,1
91,52,9,-1,1,1
97,53,9,1,0,0
97,13,9,1,0,0
97,20,9,-1,0,0
97,42,9,-1,0,0
97,50,9,-1,0,0
97,30,9,-1,0,0
103,20,9,1,1,0
103,3,9,1,1,0
103,16,9,-1,0,1
103,39,9,-1,1,0
103,17,9,1,0,1
103,9,9,-1,1,0
106,41,9,1,1,1
106,43,9,-1,1,1
106,8,9,-1,1,1
106,26,9,1,1,2
106,54,9,-1,1,1
106,69,9,1,2,1
112,12,9,1,2,0
112,18,9,-1,0,2
112,43,9,1,1,1
112,55,9,-1,1,1
112,2,9,-1,1,0
112,33,9,-1,1,1
118,7,9,1,1,0
118,31,9,-1,1,0
118,29,9,-1,0,1
118,20,9,-1,2,0
118,53,9,-1,0,0
118,33,9,-1,0,1
121,42,9,-1,0,2
121,65,9,1,1,1
121,22,9,-1,1,1
121,11,9,-1,1,2
121,1,9,-1,1,1
121,10,9,1,1,1
126,22,9,-1,0,1
126,21,9,-1,0,1
126,42,9,1,0,2
126,33,9,1,1,1
126,37,9,-1,0,2
126,20,9,-1,2,0
131,65,9,1,0,0
131,7,9,1,0,0
131,15,9,1,0,0
131,45,9,-1,0,0
131,70,9,-1,0,0
131,13,9,-1,0,0
136,1,9,1,1,1
136,19,9,1,2,1
136,3,9,-1,1,1
136,17,9,-1,0,3
136,72,9,-1,0,2
136,66,9,1,2,0
141,64,9,-1,2,2
141,52,9,1,5,0
141,44,9,1,4,0
141,54,9,-1,2,2
141,31,9,-1,3,1
141,56,9,-1,0,4
146,2,9,1,3,0
146,59,9,-1,0,2
146,34,9,-1,1,1
146,28,9,-1,1,0
146,32,9,-1,0,2
146,10,9,-1,0,0
146,21,9,-1,0,2
146,19,9,1,0,0
146,44,9,-1,0,1
151,11,9,-1,1,0
151,38,9,1,0,1
151,69,9,-1,0,1
151,71,9,-1,0,1
151,7,9,1,2,1
151,48,9,-1,1,2
156,5,9,-1,1,3
156,41,9,1,5,1
156,20,9,-1,5,0
156,6,9,1,1,2
156,72,9,-1,2,3
165,54,9,-1,0,0
165,32,9,1,0,0
165,15,9,1,1,0
165,57,9,-1,0,1
165,70,9,-1,0,1
165,9,9,1,1,0
168,67,9,1,0,0
168,60,9,1,0,0
168,19,9,1,0,0
168,62,9,-1,0,0
168,61,9,-1,0,0
168,29,9,-1,0,0
171,41,9,1,3,2
171,17,9,-1,1,4
171,36,9,-1,2,3
171,63,9,-1,1,4
171,19,9,1,6,0
171,62,9,1,3,2
180,38,9,1,1,0
180,59,9,-1,0,1
180,5,9,-1,0,1
180,45,9,-1,0,1
180,70,9,-1,0,1
180,47,9,1,1,0
183,68,9,1,1,0
183,2,9,1,1,0
183,23,9,-1,0,1
183,49,9,-1,0,1
183,14,9,-1,0,1
183,12,9,-1,0,1
225,1,9,-1,0,0
225,42,9,-1,0,0
225,43,9,-1,0,0
225,61,9,1,0,0
225,3,9,1,0,0
225,23,9,-1,0,0
226,48,9,-1,1,1
226,56,9,1,2,1
226,27,9,-1,0,2
226,5,9,-1,1,1
226,61,9,-1,1,1
226,53,9,-1,0,2
241,41,9,1,2,0
241,40,9,1,1,1
241,58,9,1,1,1
241,3,9,1,1,1
278,7,9,1,0,0
278,15,9,1,0,0
278,2,9,-1,0,0
278,40,9,-1,0,0
278,29,9,-1,0,0
278,25,9,-1,0,0
2,4,10,-1,0,0
2,49,10,-1,0,0
2,23,10,-1,1,1
2,66,10,1,1,1
2,40,10,1,0,2
7,4,10,-1,0,0
7,33,10,-1,0,0
7,39,10,-1,0,0
7,55,10,1,0,0
7,34,10,-1,0,0
7,67,10,-1,0,0
11,40,10,-1,0,1
11,31,10,-1,0,1
11,14,10,-1,1,0
11,24,10,1,1,0
11,8,10,-1,1,0
11,53,10,-1,0,1
18,12,10,1,0,0
18,7,10,1,0,0
18,52,10,1,0,0
18,19,10,1,0,0
18,20,10,-1,0,0
18,60,10,1,0,0
22,24,10,1,0,1
22,10,10,-1,1,0
22,36,10,-1,0,1
22,2,10,-1,0,1
22,70,10,-1,0,1
22,9,10,-1,1,0
26,41,10,1,0,1
26,45,10,-1,1,0
26,18,10,-1,0,1
26,27,10,-1,0,1
26,10,10,-1,1,0
26,6,10,1,1,0
33,63,10,-1,0,1
33,20,10,-1,1,0
33,18,10,-1,0,1
33,67,10,1,0,1
33,40,10,-1,1,0
33,37,10,1,1,0
37,50,10,-1,0,1
37,43,10,-1,0,1
37,39,10,1,0,1
37,45,10,-1,1,0
37,29,10,1,1,0
37,25,10,-1,0,1
41,68,10,1,1,0
41,44,10,-1,0,1
41,71,10,-1,1,0
41,15,10,-1,0,1
41,31,10,-1,0,1
41,39,10,1,1,0
48,63,10,1,0,0
48,24,10,1,0,0
48,49,10,-1,0,0
48,71,10,-1,0,0
48,42,10,-1,0,0
48,14,10,-1,0,0
52,48,10,-1,0,1
52,12,10,1,0,1
52,66,10,-1,0,1
52,51,10,-1,0,1
52,61,10,-1,1,0
52,27,10,-1,0,1
56,52,10,1,1,1
56,4,10,-1,2,0
56,1,10,1,1,1
56,29,10,-1,1,1
56,21,10,-1,0,2
56,9,10,-1,0,1
62,30,10,-1,0,0
62,52,10,1,0,0
62,53,10,-1,0,0
62,6,10,1,0,0
62,61,10,-1,0,0
62,22,10,-1,0,0
67,47,10,-1,1,0
67,17,10,-1,1,0
67,45,10,-1,1,0
67,42,10,-1,1,0
67,27,10,-1,1,0
67,34,10,1,1,0
71,52,10,1,2,1
71,35,10,1,1,2
71,14,10,1,1,2
71,26,10,-1,0,2
71,15,10,-1,1,1
71,67,10,-1,1,2
77,19,10,1,0,0
77,52,10,1,0,0
77,10,10,-1,0,0
77,54,10,-1,0,0
77,42,10,-1,0,0
77,43,10,-1,0,0
82,53,10,1,0,0
82,27,10,-1,0,0
82,46,10,-1,0,0
82,29,10,1,0,0
82,61,10,-1,0,0
82,50,10,-1,0,0
86,52,10,-1,0,0
86,21,10,-1,0,0
86,12,10,-1,0,0
86,32,10,-1,0,0
86,1,10,1,0,0
86,41,10,-1,0,0
94,48,10,-1,0,0
94,66,10,1,0,0
94,59,10,-1,0,0
94,9,10,1,0,0
94,44,10,-1,0,0
94,29,10,-1,0,0
98,35,10,1,0,0
98,38,10,-1,0,0
98,23,10,-1,0,0
98,5,10,-1,0,1
98,25,10,-1,1,0
98,52,10,-1,0,0
104,32,10,1,0,0
104,46,10,-1,0,0
104,1,10,-1,0,0
104,31,10,-1,1,0
104,11,10,-1,0,1
104,41,10,1,0,0
107,67,10,1,1,1
107,47,10,-1,2,0
107,16,10,1,2,1
107,53,10,-1,0,3
107,37,10,-1,1,1
107,56,10,-1,0,3
112,55,10,1,0,0
112,43,10,-1,0,0
112,18,10,-1,0,0
112,12,10,1,0,0
112,2,10,1,0,0
112,33,10,-1,0,0
120,31,10,1,0,0
120,5,10,-1,0,0
120,42,10,-1,0,0
120,53,10,-1,0,0
120,28,10,-1,0,0
120,3,10,1,1,0
121,22,10,1,0,0
121,65,10,1,0,0
121,42,10,-1,0,0
121,11,10,-1,0,0
121,1,10,-1,0,0
121,10,10,-1,0,0
128,47,10,-1,0,0
128,67,10,1,0,0
128,42,10,-1,0,0
128,12,10,-1,0,0
128,43,10,-1,0,0
128,58,10,1,2,1
132,28,10,-1,0,0
132,1,10,-1,0,0
132,6,10,1,0,0
132,40,10,-1,0,0
132,46,10,-1,0,0
132,11,10,1,0,0
136,72,10,-1,0,0
136,19,10,-1,0,0
136,17,10,-1,0,0
136,3,10,-1,0,0
136,1,10,-1,0,0
136,66,10,1,0,0
143,58,10,-1,1,0
143,44,10,-1,0,0
143,36,10,-1,0,1
143,66,10,1,1,0
143,27,10,-1,0,0
143,12,10,-1,1,0
147,16,10,1,0,0
147,30,10,-1,0,0
147,45,10,-1,0,0
147,50,10,-1,0,0
147,71,10,-1,0,0
147,51,10,-1,0,0
151,7,10,1,0,0
151,48,10,-1,0,0
151,71,10,-1,0,0
151,69,10,-1,0,0
151,38,10,-1,0,0
151,11,10,1,0,0
158,20,10,-1,1,0
158,42,10,-1,0,1
158,10,10,-1,0,1
158,38,10,-1,0,1
158,26,10,-1,0,1
158,11,10,1,2,0
158,19,10,-1,3,0
162,35,10,1,0,0
162,34,10,-1,0,0
162,48,10,-1,0,0
162,30,10,-1,0,0
162,26,10,-1,0,0
162,1,10,-1,0,0
166,22,10,1,0,0
166,12,10,-1,0,0
166,26,10,-1,0,0
166,30,10,1,0,0
166,40,10,-1,0,0
166,64,10,-1,0,0
173,40,10,-1,0,0
173,58,10,-1,0,0
173,21,10,-1,0,0
173,18,10,-1,0,0
173,14,10,1,0,0
173,32,10,-1,0,0
177,51,10,-1,0,0
177,54,10,-1,0,0
177,1,10,-1,0,0
177,32,10,-1,0,0
177,39,10,-1,0,0
177,3,10,1,0,0
183,2,10,1,0,0
183,23,10,-1,0,0
183,49,10,-1,0,0
183,14,10,-1,0,0
183,68,10,1,0,0
183,12,10,-1,0,0
187,51,10,-1,0,0
187,28,10,-1,0,0
187,8,10,-1,0,0
187,68,10,1,0,0
187,9,10,-1,0,0
187,47,10,-1,0,0
191,68,10,1,3,0
191,18,10,-1,3,0
191,15,10,-1,1,2
191,9,10,-1,3,0
191,48,10,-1,1,2
191,42,10,-1,1,2
200,3,10,1,0,0
200,18,10,-1,0,0
200,36,10,-1,0,0
200,25,10,1,0,0
200,41,10,-1,0,0
204,16,10,1,0,0
204,45,10,-1,0,0
204,60,10,-1,0,0
204,18,10,-1,0,0
204,38,10,-1,0,0
204,9,10,1,0,0
208,9,10,1,0,0
208,38,10,-1,0,0
208,49,10,-1,0,0
208,23,10,-1,0,0
208,7,10,-1,0,0
208,71,10,-1,0,0
212,16,10,1,0,0
212,29,10,-1,0,0
212,52,10,-1,0,0
212,23,10,-1,0,0
212,43,10,-1,0,0
212,13,10,-1,0,0
218,38,10,1,0,0
218,26,10,-1,0,0
218,53,10,-1,0,0
218,35,10,-1,0,0
218,66,10,-1,0,0
218,69,10,1,2,1
222,7,10,-1,0,0
222,54,10,-1,0,0
222,53,10,-1,0,0
222,14,10,1,0,0
222,25,10,1,0,0
222,8,10,-1,0,0
226,48,10,-1,0,0
226,27,10,-1,0,0
226,61,10,-1,0,0
226,53,10,-1,0,0
226,5,10,1,0,0
226,56,10,-1,0,0
233,3,10,1,0,0
233,63,10,-1,0,0
233,28,10,-1,0,0
233,53,10,-1,0,0
233,47,10,-1,0,0
233,61,10,-1,0,0
237,18,10,-1,0,0
237,39,10,-1,0,0
237,32,10,-1,0,0
237,47,10,-1,0,0
237,7,10,1,0,0
237,34,10,-1,0,0
241,41,10,1,4,0
241,3,10,-1,3,1
241,69,10,-1,1,2
241,50,10,-1,0,3
241,40,10,-1,2,2
241,58,10,-1,2,2
248,16,10,1,0,0
248,33,10,-1,0,0
248,70,10,-1,0,0
248,11,10,-1,0,0
248,26,10,-1,0,0
248,41,10,-1,0,0
252,16,10,1,1,0
252,4,10,-1,0,1
252,57,10,1,1,0
252,32,10,-1,0,1
252,62,10,-1,1,0
252,66,10,-1,0,1
256,26,10,-1,0,0
256,53,10,-1,0,0
256,43,10,-1,0,0
256,8,10,-1,0,0
256,42,10,-1,0,0
256,58,10,-1,0,0
263,39,10,1,0,0
263,53,10,1,0,0
263,56,10,-1,0,0
263,29,10,-1,0,0
263,24,10,-1,0,0
263,50,10,-1,0,0
270,72,10,-1,0,0
270,21,10,-1,0,0
270,5,10,1,0,0
270,67,10,-1,0,0
270,59,10,-1,0,0
270,6,10,1,0,0
274,30,10,1,0,0
274,45,10,-1,0,0
274,9,10,-1,0,0
274,29,10,1,0,0
274,60,10,-1,0,0
274,32,10,-1,0,0
276,52,10,1,0,1
276,21,10,-1,1,0
276,47,10,-1,0,1
276,50,10,-1,0,1
276,45,10,-1,0,1
276,9,10,1,1,0
5,43,13,-1,0,0
5,42,13,-1,0,0
5,30,13,-1,0,0
5,21,13,-1,0,0
5,34,13,1,0,0
5,9,13,1,0,0
8,62,13,1,0,0
8,27,13,-1,0,2
8,48,13,-1,2,0
8,42,13,-1,0,2
8,33,13,-1,0,1
8,58,13,1,2,0
12,37,13,1,0,0
12,10,13,1,0,0
12,11,13,1,0,0
12,34,13,1,0,0
12,25,13,1,0,0
12,53,13,1,0,0
16,66,13,1,1,0
16,56,13,1,0,1
16,27,13,-1,0,1
16,54,13,-1,0,1
16,72,13,-1,0,1
16,25,13,1,0,1
23,57,13,1,0,0
23,69,13,1,0,0
23,62,13,1,0,0
23,2,13,1,0,0
23,6,13,1,0,0
23,56,13,-1,0,0
27,14,13,-1,0,0
27,39,13,1,0,0
27,64,13,-1,0,0
27,21,13,-1,0,0
27,12,13,-1,0,0
27,27,13,-1,0,0
31,8,13,1,0,0
31,30,13,-1,0,0
31,44,13,-1,0,0
31,58,13,1,0,0
31,22,13,1,0,0
31,12,13,-1,0,0
38,31,13,-1,0,0
38,43,13,-1,0,0
38,61,13,-1,0,0
38,30,13,-1,0,0
38,69,13,-1,0,0
38,34,13,-1,0,0
42,33,13,-1,0,0
42,11,13,1,0,0
42,5,13,1,0,0
42,44,13,1,0,0
42,53,13,1,0,0
42,40,13,-1,0,0
46,48,13,-1,0,0
46,72,13,-1,0,0
46,52,13,1,0,0
46,40,13,-1,0,0
46,36,13,-1,0,0
46,26,13,-1,0,0
54,5,13,1,0,0
54,72,13,-1,0,0
54,4,13,1,0,0
54,61,13,-1,0,0
54,13,13,-1,0,0
54,10,13,1,0,0
56,21,13,-1,0,0
56,4,13,1,0,0
56,1,13,1,0,0
56,29,13,1,0,0
56,52,13,-1,0,0
56,9,13,-1,0,0
64,68,13,1,0,0
64,66,13,-1,0,0
64,69,13,-1,0,0
64,58,13,1,0,0
64,61,13,-1,0,0
64,15,13,-1,0,0
66,1,13,1,0,0
66,69,13,-1,0,0
66,40,13,-1,0,0
66,4,13,1,0,0
66,48,13,-1,0,0
66,8,13,1,0,0
74,41,13,-1,0,0
74,38,13,1,0,0
74,6,13,1,0,0
74,11,13,1,0,0
74,61,13,-1,0,0
74,26,13,-1,0,0
76,27,13,-1,0,0
76,30,13,-1,0,0
76,69,13,1,0,0
76,21,13,-1,0,0
76,41,13,-1,0,0
76,40,13,1,0,0
84,51,13,-1,0,0
84,37,13,1,0,0
84,33,13,-1,0,0
84,32,13,1,0,0
84,60,13,1,0,0
84,61,13,-1,0,0
86,52,13,1,0,1
86,12,13,1,0,1
86,21,13,-1,0,1
86,32,13,-1,0,1
86,1,13,1,1,0
86,41,13,-1,0,1
93,18,13,1,0,0
93,43,13,-1,0,0
93,39,13,1,0,0
93,22,13,1,0,0
93,50,13,1,0,0
93,32,13,-1,0,0
96,65,13,-1,0,0
96,2,13,1,0,0
96,57,13,1,0,0
96,15,13,-1,0,0
96,9,13,1,0,0
96,67,13,-1,0,0
103,20,13,1,0,0
103,16,13,-1,0,0
103,39,13,1,0,0
103,17,13,-1,0,0
103,9,13,1,0,0
103,3,13,1,0,0
106,43,13,-1,0,0
106,8,13,1,0,0
106,54,13,-1,0,0
106,69,13,1,0,0
106,41,13,-1,0,0
106,26,13,-1,0,0
113,4,13,1,1,0
113,17,13,-1,0,1
113,30,13,-1,1,0
113,41,13,-1,0,0
113,56,13,1,0,0
113,25,13,-1,0,0
116,36,13,-1,0,0
116,70,13,1,0,0
116,21,13,-1,0,0
116,13,13,-1,0,0
116,3,13,1,0,0
116,34,13,1,0,0
125,58,13,-1,0,0
125,57,13,1,0,0
125,5,13,1,0,0
125,53,13,1,0,0
125,23,13,-1,0,0
125,71,13,-1,0,0
127,59,13,-1,0,0
127,31,13,-1,0,0
127,48,13,-1,0,0
127,4,13,1,0,0
127,11,13,1,0,0
127,13,13,-1,2,1
132,11,13,1,1,0
132,1,13,1,0,1
132,6,13,1,1,0
132,40,13,-1,0,1
132,28,13,-1,0,1
132,46,13,1,0,1
136,72,13,-1,0,1
136,17,13,-1,0,1
136,19,13,1,0,1
136,3,13,1,0,1
136,1,13,1,0,1
136,66,13,1,1,0
144,25,13,-1,0,0
144,26,13,-1,0,0
144,40,13,-1,0,0
144,32,13,-1,0,0
144,33,13,-1,0,0
144,62,13,1,0,0
144,19,13,1,0,0
144,45,13,-1,0,0
148,39,13,1,0,0
148,22,13,1,0,0
148,64,13,-1,0,0
148,9,13,1,0,0
148,59,13,-1,0,0
148,55,13,1,0,0
153,15,13,-1,0,0
153,21,13,-1,0,0
153,68,13,1,0,0
153,11,13,1,0,0
153,12,13,1,0,0
153,49,13,1,0,0
157,23,13,-1,0,0
157,8,13,-1,0,0
157,27,13,-1,0,0
157,44,13,1,0,0
157,24,13,-1,0,0
157,13,13,-1,0,0
161,42,13,1,0,0
161,38,13,1,0,0
161,27,13,-1,0,0
161,15,13,1,0,0
161,44,13,-1,0,0
161,67,13,1,0,0
170,12,13,1,0,0
170,52,13,-1,0,0
170,16,13,1,0,0
170,11,13,1,0,0
170,4,13,1,0,0
170,39,13,1,0,0
172,48,13,-1,0,0
172,11,13,1,0,0
172,16,13,1,0,0
172,24,13,-1,0,0
172,29,13,-1,0,0
172,9,13,1,0,0
176,58,13,1,0,0
176,23,13,-1,0,0
176,29,13,1,0,0
176,38,13,1,0,0
176,18,13,1,0,0
176,24,13,1,0,0
185,43,13,-1,0,0
185,8,13,-1,0,0
185,28,13,-1,0,0
185,4,13,1,0,0
185,31,13,-1,0,0
185,22,13,1,0,0
187,9,13,1,0,1
187,68,13,1,1,0
187,47,13,1,0,1
187,8,13,-1,0,1
187,28,13,-1,0,1
187,51,13,-1,0,1
191,48,13,-1,0,0
191,68,13,1,0,0
191,18,13,1,0,0
191,15,13,1,0,0
191,9,13,1,0,0
191,42,13,-1,0,0
197,35,13,-1,0,0
197,6,13,1,0,0
197,42,13,-1,0,0
197,10,13,1,0,0
197,56,13,1,0,0
197,51,13,-1,0,0
201,10,13,1,0,0
201,36,13,-1,0,0
201,16,13,1,0,0
201,11,13,1,0,0
201,31,13,-1,0,0
201,28,13,-1,0,0
207,17,13,-1,0,0
207,45,13,1,0,0
207,41,13,-1,0,0
207,18,13,-1,0,0
207,55,13,1,0,0
207,64,13,1,0,0
211,63,13,1,0,0
211,55,13,1,0,0
211,8,13,-1,0,0
211,65,13,1,0,0
211,37,13,1,0,0
211,57,13,1,0,0
217,62,13,1,0,0
217,32,13,-1,0,0
217,51,13,-1,0,0
217,49,13,1,0,0
217,68,13,1,0,0
217,27,13,-1,0,0
221,2,13,1,0,0
221,3,13,1,0,0
221,29,13,1,0,0
221,58,13,1,0,0
221,21,13,-1,0,0
221,51,13,-1,0,0
227,71,13,-1,0,0
227,9,13,1,0,0
227,20,13,1,0,0
227,47,13,1,0,0
227,69,13,-1,0,0
227,64,13,-1,0,0
232,30,13,-1,0,0
232,18,13,-1,0,0
232,69,13,1,0,0
232,10,13,1,0,0
232,58,13,-1,0,0
232,29,13,-1,0,0
236,23,13,-1,0,0
236,17,13,-1,0,0
236,12,13,1,0,0
236,52,13,1,0,0
236,38,13,1,0,0
236,51,13,1,0,0
243,66,13,1,0,0
243,31,13,-1,0,0
243,35,13,-1,0,0
243,51,13,-1,0,0
243,45,13,1,0,0
243,24,13,1,0,0
247,28,13,-1,0,0
247,58,13,1,0,0
247,43,13,-1,0,0
247,66,13,1,0,0
247,14,13,-1,0,0
247,63,13,1,0,0
251,13,13,-1,0,0
251,35,13,-1,0,0
251,47,13,1,0,0
251,52,13,1,0,0
251,64,13,1,0,0
251,40,13,-1,0,0
258,12,13,1,0,0
258,67,13,1,0,0
258,27,13,-1,0,0
258,5,13,1,0,0
258,13,13,-1,0,0
262,61,13,1,0,0
262,11,13,1,0,0
262,67,13,1,0,0
262,60,13,1,0,0
262,41,13,-1,0,0
262,58,13,-1,0,0
266,6,13,1,0,0
266,45,13,1,0,0
266,25,13,-1,0,0
266,43,13,-1,0,0
266,62,13,1,0,0
266,2,13,1,0,0
275,35,13,-1,0,0
275,14,13,-1,0,0
275,45,13,-1,0,0
275,13,13,-1,0,0
275,39,13,1,0,0
275,46,13,1,0,0
280,54,13,-1,0,0
280,42,13,-1,0,0
280,55,13,1,0,0
280,1,13,1,0,0
280,52,13,-1,0,0
280,53,13,1,0,0
3,24,14,-1,2,0
3,68,14,1,1,0
3,13,14,1,0,1
8,48,14,1,0,0
8,58,14,1,0,0
8,42,14,-1,0,0
8,27,14,-1,0,0
11,40,14,1,0,2
11,53,14,1,0,2
19,19,14,1,0,0
19,39,14,1,0,0
19,63,14,1,0,0
24,13,14,1,0,0
24,24,14,-1,0,0
24,57,14,1,0,0
26,45,14,1,1,1
26,18,14,1,0,2
34,65,14,1,0,0
34,11,14,1,0,0
39,20,14,1,0,0
39,69,14,1,0,0
41,68,14,1,2,0
41,15,14,1,0,2
49,64,14,1,0,0
49,55,14,1,0,1
55,58,14,1,0,0
55,66,14,1,0,0
55,26,14,-1,0,0
55,42,14,-1,0,0
56,4,14,1,1,0
56,52,14,1,0,1
56,29,14,-1,1,0
56,1,14,-1,1,0
56,21,14,-1,0,1
64,61,14,1,0,1
64,68,14,1,1,0
64,69,14,-1,0,1
70,2,14,1,0,0
70,17,14,-1,0,0
70,47,14,1,0,0
79,51,14,1,0,1
79,47,14,1,1,0
79,3,14,-1,1,0
79,16,14,1,1,0
85,23,14,1,0,0
85,65,14,1,0,0
92,51,14,1,1,0
92,4,14,1,1,2
92,60,14,1,1,2
101,47,14,1,3,0
101,63,14,1,0,2
101,55,14,1,1,1
107,16,14,1,1,1
107,53,14,-1,0,2
107,56,14,-1,0,2
107,37,14,1,1,2
107,47,14,1,2,1
113,4,14,1,0,0
113,17,14,-1,0,0
113,30,14,1,0,0
116,3,14,1,2,1
116,13,14,1,1,2
116,21,14,-1,0,3
116,70,14,1,2,1
122,44,14,1,0,0
122,20,14,1,0,0
126,20,14,1,0,0
126,37,14,-1,0,0
126,33,14,1,0,0
126,42,14,-1,0,0
134,55,14,1,0,0
134,1,14,-1,0,0
138,15,14,1,2,0
138,17,14,-1,0,2
143,36,14,-1,0,0
143,58,14,1,0,0
143,66,14,1,0,0
143,12,14,1,0,0
156,5,14,1,0,0
156,72,14,-1,0,0
156,41,14,-1,1,0
156,20,14,1,1,0
164,19,14,1,0,0
174,24,14,-1,0,0
174,54,14,1,0,0
174,66,14,1,0,0
174,60,14,1,0,0
174,42,14,-1,0,0
174,3,14,-1,0,0
184,51,14,1,0,0
184,28,14,1,0,0
186,52,14,1,0,0
186,66,14,1,0,0
186,19,14,1,0,0
186,14,14,-1,0,0
194,32,14,-1,0,0
194,35,14,1,0,0
196,69,14,1,0,0
196,15,14,1,0,0
196,24,14,-1,0,0
196,61,14,-1,0,0
196,5,14,1,1,0
196,18,14,1,0,0
202,12,14,1,0,0
202,53,14,-1,0,1
202,66,14,1,1,0
206,46,14,1,0,0
206,59,14,1,0,0
206,68,14,1,0,0
212,43,14,-1,0,1
212,23,14,-1,0,1
212,52,14,1,0,1
222,53,14,1,0,2
222,14,14,-1,2,0
226,53,14,-1,0,3
226,27,14,-1,0,3
234,65,14,1,1,0
234,43,14,-1,1,0
234,39,14,-1,0,1
234,23,14,-1,0,1
234,38,14,-1,0,1
236,51,14,1,1,0
236,12,14,-1,1,0
244,2,14,1,0,0
244,16,14,1,0,0
244,28,14,1,0,0
246,20,14,1,0,0
246,2,14,1,0,0
246,18,14,1,0,0
246,23,14,-1,0,0
246,8,14,-1,0,0
246,32,14,-1,0,0
254,2,14,1,0,0
254,26,14,-1,0,0
254,67,14,1,0,1
254,31,14,-1,0,1
256,8,14,-1,0,2
256,58,14,1,1,1
256,42,14,-1,0,2
256,43,14,-1,0,2
264,52,14,1,1,0
264,53,14,-1,1,0
264,69,14,1,1,0
273,32,14,-1,0,0
273,27,14,-1,0,0
273,3,14,-1,0,0
273,41,14,1,0,0
277,24,14,-1,0,0
277,16,14,1,0,0
277,65,14,1,0,0
20,41,17,-1,0,1
20,57,17,-1,0,1
20,4,17,1,0,1
20,15,17,1,1,0
20,28,17,1,0,1
20,3,17,1,1,0
30,69,17,-1,1,0
30,32,17,-1,0,1
30,60,17,1,0,1
30,19,17,1,0,1
30,61,17,-1,0,1
30,20,17,1,0,1
40,63,17,-1,1,0
40,26,17,-1,0,0
40,4,17,-1,1,0
40,3,17,1,0,1
40,49,17,-1,0,1
40,55,17,-1,0,1
50,34,17,-1,0,1
50,62,17,1,0,1
50,69,17,-1,1,0
50,61,17,-1,1,0
50,57,17,-1,0,1
50,46,17,1,1,0
105,33,17,1,0,0
105,65,17,-1,0,0
105,17,17,-1,0,0
105,43,17,-1,0,0
105,3,17,-1,0,0
105,47,17,-1,0,0
135,57,17,-1,1,0
135,37,17,-1,0,1
135,10,17,-1,0,1
135,68,17,1,0,1
135,53,17,-1,0,1
135,13,17,-1,0,1
145,56,17,-1,0,0
145,3,17,1,0,0
145,10,17,-1,0,0
145,65,17,-1,0,0
145,39,17,1,0,0
156,72,17,-1,2,2
156,6,17,1,2,2
156,46,17,-1,0,3
156,41,17,-1,6,1
156,20,17,1,5,1
168,19,17,1,1,0
168,29,17,-1,0,1
168,60,17,1,1,1
168,62,17,1,1,1
179,1,17,1,1,0
179,16,17,-1,1,0
179,9,17,1,1,0
179,64,17,-1,1,0
179,14,17,-1,0,1
179,45,17,-1,0,1
195,65,17,1,0,0
195,20,17,1,0,0
195,27,17,-1,0,0
195,37,17,-1,0,0
195,61,17,-1,0,0
195,66,17,1,0,0
198,62,17,1,1,1
198,13,17,-1,1,1
198,32,17,-1,2,0
198,38,17,-1,1,1
198,45,17,-1,1,1
198,46,17,1,2,0
201,36,17,-1,0,3
201,16,17,-1,4,0
201,11,17,1,3,1
201,31,17,-1,0,3
201,28,17,-1,0,3
209,16,17,-1,1,0
209,17,17,-1,1,0
209,52,17,-1,0,0
209,38,17,-1,0,0
209,68,17,1,0,0
209,34,17,1,0,0
213,35,17,-1,0,1
213,14,17,-1,2,1
213,38,17,-1,0,1
213,34,17,1,1,0
216,20,17,1,2,0
216,41,17,-1,3,0
216,67,17,-1,0,1
216,50,17,-1,1,0
216,33,17,-1,1,0
216,23,17,-1,1,0
224,3,17,1,0,0
224,72,17,-1,0,0
224,38,17,-1,0,0
224,20,17,1,0,0
224,54,17,-1,0,0
224,69,17,-1,0,0
232,30,17,-1,0,1
232,18,17,-1,0,1
232,58,17,1,0,1
232,10,17,1,1,0
232,69,17,-1,1,0
232,29,17,1,0,1
242,47,17,-1,0,1
242,19,17,1,1,0
242,43,17,-1,0,1
242,72,17,-1,0,1
242,52,17,1,1,0
242,68,17,1,2,0
246,20,17,1,4,0
246,2,17,1,3,0
246,18,17,-1,1,2
246,23,17,-1,1,2
246,8,17,-1,1,2
246,32,17,-1,1,2
255,34,17,1,1,0
255,19,17,1,1,0
255,23,17,-1,1,0
255,56,17,-1,1,0
255,33,17,-1,1,0
255,13,17,-1,1,0
257,16,17,-1,1,0
257,31,17,1,0,1
257,52,17,-1,0,1
257,61,17,-1,1,0
257,54,17,-1,0,1
257,51,17,-1,0,1
263,39,17,1,1,1
263,56,17,1,1,2
263,53,17,-1,1,1
263,29,17,-1,1,2
263,24,17,1,2,1
263,50,17,-1,0,2
267,58,17,-1,1,2
267,54,17,-1,1,2
267,61,17,1,3,0
267,25,17,1,1,1
267,23,17,-1,0,2
267,71,17,-1,3,0
277,65,17,-1,1,0
277,35,17,-1,2,0
277,21,17,-1,1,0
277,38,17,-1,0,0
277,24,17,1,2,1
277,16,17,1,2,1
3,9,18,-1,0,1
3,3,18,-1,0,0
3,24,18,1,1,0
3,68,18,-1,2,0
3,49,18,1,0,1
3,13,18,1,1,1
6,25,18,-1,0,1
6,33,18,-1,0,1
6,28,18,-1,1,0
6,10,18,-1,1,0
6,63,18,1,0,1
6,50,18,1,0,1
13,49,18,1,0,0
13,68,18,-1,0,0
13,10,18,-1,0,1
13,72,18,-1,2,1
13,26,18,1,2,0
13,3,18,-1,2,0
19,39,18,-1,1,0
19,23,18,-1,0,0
19,63,18,1,1,0
19,46,18,1,0,0
19,26,18,-1,0,0
19,19,18,-1,1,0
21,51,18,1,3,0
21,9,18,-1,3,0
21,8,18,-1,1,2
21,7,18,-1,1,2
21,5,18,-1,0,3
21,1,18,-1,2,1
29,43,18,1,0,0
29,21,18,-1,0,0
29,13,18,1,1,0
29,51,18,1,1,0
29,46,18,1,0,0
34,11,18,-1,1,0
34,65,18,1,1,0
34,24,18,-1,0,0
34,17,18,-1,0,0
36,45,18,1,3,0
36,35,18,-1,1,2
36,48,18,-1,2,1
36,32,18,1,0,3
36,2,18,-1,2,0
36,37,18,-1,1,2
44,17,18,1,0,0
44,70,18,-1,0,0
44,13,18,-1,1,0
44,69,18,-1,0,0
44,55,18,-1,0,0
44,53,18,-1,1,0
49,29,18,-1,0,0
49,63,18,-1,0,0
49,55,18,-1,0,0
49,59,18,1,0,0
49,66,18,1,0,0
51,8,18,-1,3,1
51,18,18,1,4,0
51,67,18,-1,2,1
51,5,18,-1,0,3
51,63,18,-1,1,2
51,54,18,1,1,2
58,33,18,-1,1,2
58,12,18,1,3,0
58,72,18,-1,3,0
58,3,18,1,2,1
63,62,18,1,1,0
63,19,18,1,0,0
63,54,18,-1,0,0
63,37,18,-1,0,0
66,8,18,-1,2,0
66,1,18,-1,2,0
66,40,18,1,0,2
66,48,18,-1,1,1
66,69,18,1,0,2
66,4,18,1,1,1
78,64,18,1,0,1
78,63,18,-1,0,1
78,70,18,1,0,1
78,6,18,-1,1,0
78,44,18,1,1,0
78,4,18,1,1,0
81,8,18,-1,1,3
81,26,18,1,1,3
81,63,18,-1,3,1
81,51,18,1,1,3
81,67,18,-1,1,3
81,34,18,-1,2,2
89,45,18,1,1,0
89,54,18,1,1,0
89,52,18,-1,1,0
89,17,18,-1,0,1
89,69,18,-1,0,1
89,71,18,-1,0,0
93,18,18,1,2,0
93,32,18,-1,0,2
93,22,18,-1,1,1
93,39,18,1,1,1
93,50,18,1,2,0
93,43,18,-1,1,1
99,36,18,-1,0,1
99,30,18,1,1,0
99,70,18,1,1,0
99,61,18,-1,0,1
99,28,18,-1,0,1
99,68,18,-1,0,1
102,31,18,1,1,1
102,65,18,-1,1,1
102,23,18,-1,0,2
102,4,18,-1,0,2
102,12,18,-1,2,0
102,64,18,1,1,1
107,47,18,1,1,0
107,67,18,-1,1,0
107,16,18,-1,1,0
107,53,18,-1,0,1
107,37,18,-1,1,0
107,56,18,-1,0,1
116,70,18,-1,2,0
116,36,18,1,0,2
116,21,18,-1,0,2
116,3,18,1,1,1
116,13,18,1,0,2
116,34,18,1,2,0
125,53,18,1,1,0
125,5,18,1,1,0
125,71,18,-1,0,1
125,58,18,-1,0,1
125,57,18,-1,1,0
125,23,18,-1,0,1
126,22,18,-1,0,2
126,21,18,-1,0,2
126,42,18,1,1,2
126,33,18,1,2,1
126,37,18,-1,0,3
126,20,18,-1,2,1
134,8,18,-1,0,0
134,60,18,-1,0,0
134,63,18,-1,0,0
134,49,18,1,0,0
134,1,18,-1,0,1
134,55,18,-1,1,0
134,120,18,1,0,0
134,123,18,1,0,0
136,66,18,1,3,0
136,72,18,-1,0,3
136,17,18,-1,0,4
136,19,18,1,3,1
136,3,18,-1,1,2
136,1,18,-1,2,1
144,45,18,1,0,1
144,25,18,-1,0,1
144,26,18,-1,0,1
144,40,18,-1,0,1
144,32,18,-1,0,1
144,33,18,-1,0,1
144,62,18,1,1,0
144,19,18,1,1,0
146,2,18,1,4,0
146,59,18,-1,0,3
146,28,18,1,2,1
146,10,18,-1,0,2
146,32,18,1,1,3
146,44,18,-1,0,2
146,19,18,-1,1,1
146,34,18,1,1,2
146,21,18,-1,0,3
154,29,18,-1,0,0
154,42,18,-1,0,0
154,44,18,1,0,0
154,47,18,1,0,0
154,20,18,-1,0,0
154,19,18,1,0,0
156,72,18,-1,2,1
156,41,18,1,3,1
156,6,18,-1,1,1
156,46,18,-1,0,2
156,5,18,-1,1,2
156,20,18,1,4,0
165,57,18,-1,0,0
165,15,18,1,0,0
165,32,18,-1,1,0
165,54,18,1,0,1
165,70,18,-1,0,0
165,9,18,1,0,0
167,13,18,-1,1,0
167,57,18,-1,0,1
167,63,18,-1,1,0
167,66,18,1,1,0
167,17,18,-1,0,1
167,54,18,1,0,1
171,62,18,-1,3,0
171,41,18,1,2,1
171,17,18,-1,1,2
171,63,18,-1,1,2
171,36,18,1,1,2
171,19,18,1,4,0
180,47,18,1,0,0
180,38,18,1,0,0
180,59,18,-1,0,0
180,5,18,-1,0,0
180,45,18,-1,0,0
180,70,18,-1,0,0
182,16,18,1,2,0
182,45,18,-1,1,1
182,5,18,-1,1,1
182,66,18,-1,2,0
182,52,18,-1,1,1
182,25,18,1,1,1
186,2,18,-1,1,1
186,52,18,-1,3,0
186,19,18,1,2,1
186,14,18,-1,1,2
186,66,18,-1,1,2
186,13,18,-1,1,1
194,66,18,1,0,0
194,32,18,-1,0,1
194,38,18,1,0,0
194,35,18,-1,1,0
194,58,18,1,0,0
194,42,18,1,0,0
199,12,18,-1,0,0
199,66,18,-1,0,0
199,54,18,-1,0,0
199,18,18,-1,0,0
199,38,18,1,0,0
199,56,18,-1,0,0
203,7,18,-1,0,0
203,62,18,1,0,0
203,55,18,-1,0,0
203,52,18,-1,0,0
203,38,18,-1,0,0
203,54,18,1,0,0
207,41,18,1,0,1
207,64,18,-1,1,0
207,55,18,-1,1,0
207,17,18,-1,0,1
207,45,18,1,1,0
207,18,18,-1,0,1
213,35,18,-1,0,0
213,14,18,1,0,0
213,51,18,-1,0,0
213,71,18,1,0,0
213,34,18,1,0,0
213,38,18,-1,0,0
217,68,18,1,1,0
217,27,18,-1,0,1
217,32,18,-1,0,1
217,62,18,-1,1,0
217,51,18,1,0,1
217,49,18,1,1,0
221,51,18,-1,0,2
221,2,18,-1,2,0
221,3,18,1,3,0
221,29,18,1,1,1
221,21,18,-1,0,2
221,58,18,1,1,1
230,24,18,-1,0,0
230,63,18,-1,0,0
230,45,18,-1,0,0
230,2,18,1,0,0
230,66,18,-1,0,0
230,31,18,1,0,0
233,47,18,-1,0,1
233,3,18,-1,1,0
233,28,18,-1,0,1
233,61,18,1,0,1
233,63,18,-1,0,1
233,53,18,1,0,1
236,51,18,-1,2,0
236,38,18,1,2,0
236,17,18,-1,0,1
236,12,18,-1,1,1
236,23,18,-1,0,1
236,52,18,-1,1,0
245,10,18,-1,0,0
245,12,18,-1,0,0
245,67,18,-1,0,0
245,41,18,-1,0,0
245,27,18,1,0,0
245,59,18,-1,0,0
248,11,18,-1,0,2
248,70,18,-1,0,2
248,33,18,-1,0,2
248,16,18,-1,2,0
248,26,18,1,1,1
248,41,18,1,1,1
251,47,18,-1,3,0
251,35,18,-1,0,3
251,40,18,-1,0,3
251,64,18,1,3,0
251,52,18,-1,2,1
251,13,18,-1,2,1
260,36,18,1,0,0
260,40,18,1,0,0
260,28,18,1,0,0
260,72,18,-1,0,0
260,1,18,1,0,0
260,53,18,-1,0,0
263,24,18,1,0,1
263,56,18,-1,0,1
263,53,18,-1,1,0
263,39,18,-1,1,0
263,50,18,-1,0,1
263,29,18,1,0,1
266,6,18,-1,5,0
266,45,18,1,3,1
266,25,18,-1,0,4
266,43,18,-1,1,3
266,62,18,-1,2,2
266,2,18,1,4,0
273,3,18,-1,0,1
273,27,18,-1,0,1
273,25,18,-1,0,0
273,63,18,-1,1,0
273,32,18,1,1,1
273,41,18,1,1,1
278,40,18,-1,0,2
278,29,18,-1,0,2
278,25,18,-1,0,2
278,7,18,-1,1,1
278,15,18,1,2,0
278,2,18,1,0,2
4,5,19,1,0,1
4,45,19,1,0,1
4,49,19,1,0,0
4,54,19,-1,0,1
4,48,19,-1,1,0
4,26,19,-1,1,0
7,39,19,1,0,1
7,55,19,1,1,0
7,34,19,-1,0,1
7,4,19,-1,0,1
7,33,19,-1,0,1
7,67,19,-1,0,1
11,14,19,1,2,1
11,53,19,1,1,3
11,24,19,1,5,0
11,8,19,-1,2,1
11,31,19,-1,0,3
11,40,19,-1,1,3
20,3,19,1,0,0
20,41,19,-1,0,0
20,15,19,1,0,0
20,4,19,-1,0,0
20,28,19,-1,0,0
20,57,19,-1,0,0
23,69,19,1,1,1
23,62,19,1,1,0
23,56,19,-1,1,1
23,57,19,1,2,0
23,2,19,1,1,0
23,6,19,1,1,0
26,45,19,1,2,2
26,41,19,-1,2,1
26,6,19,1,2,1
26,18,19,-1,2,2
26,27,19,1,1,2
26,10,19,1,2,1
35,15,19,1,0,0
35,62,19,1,0,0
35,28,19,-1,0,0
35,55,19,1,0,0
35,57,19,-1,0,0
35,69,19,-1,0,0
38,69,19,-1,0,1
38,34,19,-1,0,1
38,30,19,1,0,1
38,61,19,1,0,1
38,43,19,-1,0,1
38,31,19,-1,0,1
41,44,19,-1,0,2
41,15,19,-1,1,2
41,68,19,1,3,0
41,39,19,1,2,0
41,71,19,-1,1,1
41,31,19,-1,0,2
50,46,19,1,0,0
50,57,19,-1,0,0
50,61,19,1,0,0
50,69,19,1,0,0
50,62,19,-1,0,0
50,34,19,-1,0,0
51,18,19,1,2,0
51,8,19,-1,2,0
51,5,19,-1,0,1
51,67,19,-1,1,0
51,63,19,1,0,1
51,54,19,-1,1,0
59,20,19,1,0,0
59,46,19,1,0,0
59,15,19,1,0,0
59,62,19,-1,0,0
59,42,19,-1,0,0
59,4,19,-1,0,0
61,56,19,-1,1,1
61,27,19,1,1,2
61,63,19,1,1,1
61,15,19,-1,2,1
61,14,19,-1,1,2
61,5,19,-1,1,2
69,7,19,1,0,0
69,42,19,1,0,0
69,26,19,-1,0,0
69,31,19,-1,0,0
69,69,19,-1,0,0
69,25,19,1,0,0
71,35,19,-1,1,1
71,52,19,1,1,1
71,26,19,-1,0,1
71,67,19,-1,1,1
71,15,19,-1,1,0
71,14,19,-1,1,1
79,16,19,1,0,0
79,3,19,1,0,0
79,47,19,1,0,0
79,51,19,-1,0,0
79,42,19,-1,0,0
79,41,19,-1,0,0
81,8,19,-1,1,2
81,34,19,-1,2,1
81,67,19,-1,1,2
81,63,19,1,2,1
81,51,19,-1,1,2
81,26,19,-1,1,2
88,16,19,1,0,0
88,47,19,1,0,0
88,51,19,-1,0,0
88,21,19,1,0,0
88,38,19,-1,0,0
88,28,19,-1,0,0
91,13,19,1,3,0
91,37,19,-1,1,2
91,6,19,1,1,2
91,14,19,-1,1,2
91,31,19,-1,1,2
91,52,19,1,1,2
99,70,19,1,0,0
99,36,19,-1,0,0
99,61,19,-1,0,0
99,30,19,1,0,0
99,28,19,-1,0,0
99,68,19,-1,0,0
103,20,19,1,2,0
103,3,19,1,2,0
103,16,19,1,0,2
103,39,19,-1,1,1
103,17,19,-1,1,1
103,9,19,-1,1,1
109,45,19,1,0,0
109,7,19,1,0,0
109,6,19,-1,0,0
109,67,19,-1,0,0
109,58,19,-1,0,0
109,52,19,1,0,0
117,5,19,1,0,0
117,69,19,1,0,0
117,25,19,-1,0,0
117,37,19,-1,0,0
117,62,19,-1,1,0
117,71,19,-1,0,0
123,9,19,1,1,0
123,68,19,1,1,0
123,25,19,-1,0,1
123,63,19,1,1,0
123,14,19,-1,0,1
123,29,19,-1,1,0
128,12,19,1,1,1
128,43,19,-1,1,1
128,58,19,-1,1,0
128,47,19,1,1,1
128,42,19,-1,1,1
128,67,19,-1,1,1
132,11,19,1,2,0
132,28,19,-1,0,2
132,1,19,1,1,1
132,6,19,1,2,0
132,40,19,-1,0,2
132,46,19,1,1,1
137,63,19,1,0,0
137,46,19,1,0,0
137,69,19,-1,0,0
137,61,19,1,0,0
137,14,19,-1,0,0
137,56,19,-1,0,0
141,64,19,1,0,1
141,52,19,1,1,0
141,54,19,-1,1,0
141,44,19,1,1,0
141,31,19,-1,1,0
141,56,19,-1,0,1
149,63,19,1,0,0
149,71,19,-1,0,0
149,65,19,-1,0,0
149,25,19,-1,0,0
149,47,19,1,0,0
149,17,19,-1,0,0
153,15,19,1,0,2
153,21,19,1,0,2
153,68,19,1,2,0
153,12,19,1,2,0
153,11,19,1,1,1
153,49,19,1,2,0
158,20,19,1,0,0
158,19,19,1,0,0
158,42,19,-1,0,0
158,10,19,-1,0,0
158,38,19,-1,0,0
158,26,19,-1,0,0
161,44,19,1,0,1
161,27,19,1,0,1
161,42,19,-1,1,0
161,67,19,-1,1,0
161,15,19,-1,1,0
161,38,19,-1,1,0
169,11,19,1,0,0
169,2,19,1,0,0
169,1,19,1,0,0
169,63,19,1,0,0
169,48,19,-1,0,0
169,18,19,-1,0,0
171,62,19,1,0,0
171,19,19,1,0,0
171,41,19,-1,0,0
171,17,19,-1,0,0
171,36,19,-1,0,0
171,63,19,-1,0,0
179,1,19,1,0,0
179,16,19,1,0,0
179,9,19,1,0,0
179,64,19,1,0,0
179,14,19,-1,0,0
179,45,19,-1,0,0
181,22,19,1,0,0
181,60,19,1,0,0
181,1,19,-1,0,0
181,32,19,-1,0,0
181,35,19,-1,0,0
181,71,19,-1,0,0
189,9,19,1,0,0
189,5,19,1,0,0
189,12,19,1,0,0
189,7,19,1,0,0
189,25,19,-1,0,0
189,58,19,-1,0,0
191,42,19,-1,0,1
191,48,19,-1,0,1
191,68,19,1,1,0
191,18,19,1,1,0
191,15,19,-1,1,0
191,9,19,1,1,0
198,45,19,1,0,0
198,38,19,-1,0,0
198,32,19,1,0,0
198,46,19,1,0,0
198,13,19,-1,0,0
198,62,19,-1,0,0
201,16,19,1,1,0
201,11,19,1,1,0
201,10,19,1,1,0
201,36,19,-1,0,1
201,31,19,-1,0,1
201,28,19,-1,0,1
208,9,19,1,2,0
208,49,19,1,1,1
208,71,19,-1,0,2
208,7,19,-1,1,1
208,23,19,-1,0,2
208,38,19,-1,0,2
211,55,19,1,3,0
211,63,19,1,1,1
211,8,19,-1,0,2
211,65,19,1,2,0
211,37,19,-1,1,1
211,57,19,1,2,0
218,53,19,1,0,1
218,26,19,-1,0,1
218,38,19,-1,1,0
218,69,19,1,0,0
218,35,19,-1,0,1
218,66,19,-1,0,1
221,3,19,1,5,0
221,2,19,1,3,1
221,51,19,-1,1,3
221,29,19,-1,2,2
221,58,19,-1,3,1
221,21,19,-1,1,3
228,16,19,1,2,0
228,18,19,-1,1,1
228,13,19,1,2,0
228,19,19,1,0,2
228,38,19,-1,0,2
228,72,19,-1,1,1
231,71,19,1,3,0
231,21,19,-1,1,1
231,36,19,-1,1,1
231,50,19,1,1,1
231,32,19,-1,1,1
231,57,19,1,2,0
239,12,19,1,1,0
239,3,19,1,1,0
239,71,19,-1,0,1
239,66,19,-1,0,1
239,19,19,1,1,0
239,40,19,-1,0,1
242,47,19,-1,0,0
242,19,19,1,0,0
242,52,19,1,0,0
242,43,19,-1,0,0
242,68,19,1,1,0
242,72,19,-1,0,0
246,32,19,1,0,2
246,8,19,-1,1,1
246,23,19,-1,1,1
246,20,19,1,2,0
246,18,19,-1,1,1
246,2,19,1,2,0
254,40,19,-1,0,0
254,26,19,-1,0,1
254,2,19,1,1,0
254,67,19,-1,0,0
254,31,19,-1,0,0
254,42,19,-1,0,0
257,16,19,1,0,0
257,61,19,1,0,0
257,51,19,-1,0,0
257,54,19,-1,0,0
257,52,19,-1,0,0
257,31,19,-1,0,0
261,22,19,1,2,0
261,59,19,1,1,2
261,66,19,-1,1,1
261,64,19,1,1,1
261,44,19,-1,1,1
261,32,19,-1,1,1
267,58,19,-1,1,0
267,54,19,-1,1,0
267,71,19,1,1,0
267,61,19,1,1,0
267,25,19,1,0,1
267,23,19,-1,0,1
273,27,19,1,0,2
273,32,19,1,0,1
273,63,19,1,0,0
273,3,19,1,0,2
273,41,19,-1,1,0
273,25,19,1,0,1
278,2,19,1,1,2
278,15,19,1,3,0
278,40,19,-1,0,3
278,29,19,-1,0,3
278,25,19,-1,0,3
278,7,19,1,1,2
2,4,21,1,0,1
2,7,21,-1,0,0
2,66,21,-1,0,0
2,49,21,1,0,1
2,40,21,-1,0,0
2,23,21,-1,0,0
6,25,21,1,0,3
6,33,21,-1,0,3
6,28,21,-1,1,2
6,10,21,1,4,1
6,63,21,-1,1,2
6,50,21,1,2,1
14,2,21,1,0,0
14,65,21,-1,0,0
14,55,21,-1,0,0
14,15,21,1,0,0
14,26,21,-1,0,0
14,34,21,1,0,0
17,31,21,1,0,0
17,12,21,1,2,0
17,42,21,1,2,0
17,46,21,1,1,1
17,5,21,-1,0,2
17,66,21,-1,1,2
21,9,21,1,1,0
21,51,21,1,1,0
21,8,21,-1,0,1
21,1,21,1,1,1
21,5,21,-1,0,1
21,7,21,-1,0,1
27,14,21,-1,0,1
27,39,21,-1,1,0
27,64,21,-1,0,1
27,21,21,1,0,1
27,12,21,1,0,1
27,27,21,1,0,1
32,16,21,-1,1,0
32,8,21,-1,1,0
32,17,21,-1,1,0
32,2,21,-1,1,0
32,40,21,-1,0,2
32,38,21,-1,1,1
36,45,21,1,1,0
36,35,21,-1,1,0
36,48,21,1,1,0
36,32,21,-1,0,1
36,2,21,1,0,0
36,37,21,-1,0,1
42,33,21,-1,0,2
42,11,21,1,1,1
42,5,21,-1,2,0
42,53,21,-1,1,1
42,40,21,-1,0,2
42,44,21,-1,2,0
51,8,21,1,0,0
51,18,21,1,0,0
51,67,21,1,0,0
51,5,21,-1,0,0
51,63,21,-1,0,0
51,54,21,1,0,0
57,35,21,-1,1,0
57,7,21,-1,1,0
57,8,21,1,1,0
57,19,21,1,2,0
57,42,21,1,1,0
57,32,21,-1,1,0
62,52,21,1,1,0
62,30,21,-1,0,1
62,53,21,-1,0,1
62,6,21,1,1,0
62,61,21,-1,0,1
62,22,21,1,0,1
66,8,21,1,1,0
66,48,21,1,0,1
66,1,21,1,1,0
66,40,21,-1,0,1
66,4,21,-1,1,0
66,69,21,-1,0,1
72,12,21,1,0,0
72,8,21,-1,0,0
72,44,21,-1,0,0
72,33,21,-1,0,0
72,61,21,-1,0,0
72,23,21,-1,0,0
77,19,21,1,1,0
77,52,21,1,1,0
77,10,21,1,0,1
77,54,21,1,0,1
77,42,21,-1,0,1
77,43,21,1,0,1
81,8,21,-1,0,1
81,34,21,-1,1,0
81,51,21,1,0,1
81,63,21,-1,1,0
81,26,21,-1,0,1
81,67,21,-1,0,1
87,17,21,-1,0,0
87,8,21,-1,0,0
87,58,21,-1,0,0
87,5,21,-1,0,0
87,42,21,1,0,0
87,18,21,1,0,0
91,13,21,1,1,0
91,37,21,-1,1,0
91,6,21,-1,1,0
91,14,21,1,0,1
91,31,21,1,0,1
91,52,21,1,0,1
98,25,21,1,0,0
98,5,21,-1,0,0
98,23,21,-1,0,1
98,38,21,1,0,1
98,35,21,-1,1,0
98,52,21,1,0,1
102,31,21,1,0,1
102,65,21,-1,1,0
102,23,21,-1,0,1
102,4,21,-1,0,1
102,12,21,1,0,0
102,64,21,-1,1,0
106,43,21,1,0,1
106,26,21,-1,1,1
106,8,21,-1,1,0
106,54,21,1,0,1
106,69,21,-1,2,0
106,41,21,1,0,1
117,69,21,1,2,0
117,5,21,-1,1,1
117,25,21,1,0,2
117,37,21,-1,0,2
117,62,21,-1,1,1
117,71,21,-1,0,2
121,65,21,-1,1,0
121,22,21,-1,1,0
121,1,21,1,0,1
121,11,21,1,0,2
121,10,21,1,0,1
121,42,21,-1,0,1
128,43,21,1,0,1
128,12,21,1,0,1
128,58,21,1,0,0
128,47,21,1,0,1
128,42,21,1,0,1
128,67,21,-1,1,0
131,7,21,-1,1,0
131,45,21,1,0,1
131,65,21,-1,1,0
131,70,21,1,0,1
131,13,21,-1,0,1
131,107,21,1,1,1
138,9,21,1,0,0
138,15,21,1,0,0
138,68,21,1,0,0
138,43,21,-1,0,0
138,17,21,-1,0,0
138,35,21,-1,0,0
141,64,21,-1,0,0
141,52,21,1,0,0
141,54,21,1,0,0
141,31,21,1,0,0
141,56,21,-1,0,0
141,44,21,1,0,0
148,22,21,-1,1,0
148,64,21,-1,0,1
148,39,21,1,1,0
148,9,21,-1,1,0
148,59,21,-1,0,1
148,55,21,-1,1,0
151,7,21,-1,1,0
151,48,21,1,0,1
151,11,21,1,1,1
151,38,21,1,1,1
151,71,21,-1,0,2
151,69,21,-1,0,2
160,66,21,-1,0,0
160,34,21,-1,0,0
160,48,21,-1,0,0
160,29,21,-1,0,0
160,14,21,-1,0,0
160,56,21,1,0,0
161,42,21,1,1,1
161,67,21,-1,1,1
161,44,21,-1,1,1
161,15,21,1,1,1
161,38,21,1,1,1
161,27,21,-1,1,1
169,11,21,1,1,0
169,18,21,1,0,1
169,1,21,-1,1,0
169,2,21,-1,1,0
169,48,21,-1,0,1
169,63,21,-1,1,0
173,40,21,-1,0,1
173,58,21,1,0,1
173,21,21,1,0,1
173,18,21,1,0,1
173,14,21,-1,1,0
173,32,21,-1,0,1
176,58,21,1,2,0
176,23,21,1,0,2
176,29,21,-1,1,1
176,18,21,1,2,0
176,38,21,-1,1,1
176,24,21,1,1,1
184,66,21,-1,0,0
184,51,21,1,1,0
184,39,21,-1,0,0
184,62,21,-1,0,0
184,15,21,-1,0,0
184,28,21,-1,1,0
232,18,21,1,0,2
232,30,21,-1,0,2
232,29,21,-1,1,1
232,58,21,-1,1,1
232,10,21,1,2,0
232,69,21,-1,1,1
245,67,21,-1,0,1
245,41,21,-1,0,1
245,27,21,1,1,0
245,59,21,-1,0,1
245,12,21,-1,0,1
245,10,21,-1,0,1
257,16,21,-1,1,1
257,31,21,1,1,1
257,52,21,-1,0,2
257,61,21,-1,1,1
257,54,21,-1,0,2
257,51,21,1,0,2
15,1,22,1,0,1
15,62,22,1,1,0
15,57,22,1,1,0
15,61,22,-1,0,1
15,32,22,-1,1,0
15,19,22,-1,1,0
25,20,22,1,1,0
25,58,22,-1,0,1
25,49,22,-1,0,0
25,67,22,-1,0,0
25,3,22,1,0,0
35,62,22,1,1,0
35,55,22,1,1,0
35,15,22,-1,1,0
35,57,22,1,0,1
35,28,22,-1,0,1
35,69,22,1,0,1
45,34,22,1,0,1
45,19,22,-1,0,1
45,67,22,-1,0,1
45,20,22,1,0,1
45,60,22,1,0,1
45,63,22,1,1,0
55,66,22,1,1,0
65,51,22,1,1,0
65,38,22,1,0,1
65,42,22,1,0,1
65,6,22,1,1,0
75,37,22,1,1,0
75,22,22,1,0,0
85,65,22,1,1,0
85,42,22,1,0,0
85,46,22,1,0,0
162,48,22,-1,1,1
162,30,22,1,1,1
162,1,22,1,1,1
162,26,22,-1,1,1
162,34,22,1,0,2
162,35,22,-1,2,0
187,47,22,1,1,2
187,68,22,-1,3,0
187,9,22,1,2,1
187,51,22,-1,0,3
187,28,22,-1,0,3
187,8,22,-1,0,3
198,62,22,1,2,1
198,38,22,1,1,2
198,32,22,-1,2,1
198,45,22,-1,1,2
198,46,22,1,3,0
198,13,22,-1,1,2
202,65,22,1,0,1
202,66,22,1,2,0
202,12,22,1,2,0
202,46,22,1,1,0
202,60,22,-1,0,1
202,53,22,-1,0,2
206,68,22,1,4,0
206,6,22,1,1,1
206,19,22,-1,2,0
206,46,22,1,3,0
206,59,22,-1,2,1
206,4,22,1,1,1
215,60,22,-1,0,0
215,46,22,1,0,0
215,25,22,-1,0,0
215,40,22,-1,0,0
215,33,22,-1,0,0
215,8,22,-1,0,0
219,20,22,1,1,0
219,30,22,1,1,0
219,38,22,1,0,1
219,8,22,-1,0,1
219,32,22,-1,0,1
219,14,22,-1,0,1
223,66,22,1,0,1
223,38,22,1,1,1
223,30,22,1,2,0
223,18,22,1,2,1
223,64,22,1,0,1
227,9,22,1,2,0
227,20,22,1,2,0
227,47,22,1,1,1
227,69,22,-1,0,1
227,64,22,1,0,1
227,71,22,1,0,1
231,57,22,1,3,0
231,71,22,1,4,0
242,47,22,1,0,2
242,19,22,-1,2,0
242,52,22,1,2,0
242,43,22,-1,0,2
242,68,22,1,3,0
242,72,22,-1,0,2
246,20,22,1,5,0
246,2,22,1,4,0
246,18,22,1,1,3
246,23,22,-1,1,3
246,8,22,-1,1,3
246,32,22,-1,1,3
253,6,22,1,0,0
253,48,22,-1,1,0
253,59,22,-1,0,0
253,20,22,1,0,0
253,61,22,-1,0,0
253,36,22,-1,0,0
261,22,22,1,4,0
261,59,22,-1,3,2
261,66,22,1,1,3
261,64,22,-1,2,2
261,44,22,-1,1,3
261,32,22,-1,1,3
266,6,22,1,5,1
266,45,22,1,4,1
266,62,22,1,2,3
266,2,22,1,5,0
271,55,22,1,1,1
271,2,22,1,4,0
271,60,22,-1,1,1
276,52,22,1,2,2
276,47,22,1,2,2
276,21,22,-1,3,1
276,9,22,1,2,2
276,50,22,-1,1,3
276,45,22,-1,1,3
2,40,23,-1,0,1
2,23,23,1,0,1
2,4,23,1,1,1
2,66,23,1,0,1
2,7,23,1,0,1
2,49,23,-1,1,1
12,37,23,-1,2,0
12,10,23,1,2,0
12,11,23,1,1,1
12,34,23,1,1,1
12,25,23,1,2,0
12,53,23,-1,2,0
17,31,23,1,1,2
17,12,23,1,3,0
17,42,23,1,1,0
17,46,23,-1,1,0
17,5,23,-1,0,1
17,66,23,-1,1,1
21,9,23,1,2,0
21,51,23,1,2,0
21,8,23,1,0,2
21,5,23,-1,0,2
21,7,23,1,0,2
28,3,23,1,0,0
28,55,23,1,1,0
28,51,23,1,1,0
28,4,23,1,0,0
28,39,23,-1,1,1
28,22,23,1,0,0
32,38,23,1,0,1
32,40,23,-1,0,1
32,16,23,1,1,1
32,17,23,1,1,1
32,2,23,1,1,1
32,8,23,1,1,1
43,55,23,-1,2,1
43,46,23,1,2,0
43,35,23,1,1,2
43,28,23,-1,1,1
43,11,23,-1,1,2
43,36,23,1,0,2
47,47,23,1,0,0
47,42,23,1,0,0
47,10,23,1,0,0
47,66,23,-1,0,0
47,43,23,1,0,1
47,48,23,1,0,0
53,47,23,1,0,1
53,64,23,1,1,0
53,1,23,1,1,0
53,38,23,1,0,1
53,60,23,1,1,0
53,34,23,1,0,1
57,35,23,1,0,0
57,8,23,1,0,0
57,19,23,1,0,0
57,7,23,1,0,0
57,42,23,1,0,0
57,32,23,1,0,0
61,27,23,1,0,2
61,56,23,1,0,1
61,63,23,1,0,1
61,15,23,-1,2,0
61,14,23,1,0,2
61,5,23,-1,1,1
67,34,23,1,0,0
67,27,23,1,0,0
67,17,23,1,0,0
67,47,23,1,0,0
67,42,23,1,0,0
67,45,23,1,0,0
73,5,23,-1,0,0
73,64,23,1,0,0
73,21,23,1,0,0
73,57,23,1,0,0
73,7,23,1,0,0
73,17,23,1,0,0
81,8,23,1,0,2
81,67,23,1,0,2
81,34,23,1,1,1
81,51,23,-1,1,1
81,63,23,1,1,1
81,26,23,1,0,2
87,17,23,1,0,1
87,8,23,1,0,1
87,58,23,1,0,1
87,5,23,-1,0,1
87,42,23,1,2,0
87,18,23,-1,2,0
95,60,23,-1,0,0
95,39,23,-1,0,0
95,65,23,1,0,0
95,64,23,1,0,0
95,43,23,1,0,0
95,13,23,-1,0,0
104,11,23,-1,0,0
104,31,23,1,0,0
104,1,23,1,0,1
104,46,23,-1,0,1
104,32,23,1,1,0
104,41,23,1,1,0
114,57,23,1,0,0
114,55,23,-1,0,0
114,66,23,-1,0,0
114,51,23,1,0,0
114,9,23,1,0,0
114,34,23,1,0,0
117,69,23,-1,3,0
117,5,23,-1,1,2
117,25,23,1,1,2
117,37,23,-1,0,3
117,62,23,1,1,2
117,71,23,1,0,3
122,44,23,-1,1,0
122,3,23,1,0,0
122,20,23,1,1,0
122,2,23,1,0,0
122,8,23,1,0,0
122,59,23,1,0,0
126,22,23,1,0,3
126,21,23,1,0,3
126,42,23,1,2,2
126,33,23,1,3,1
126,37,23,-1,0,4
126,20,23,1,2,2
133,36,23,1,1,0
133,22,23,1,0,0
133,39,23,-1,0,0
133,29,23,-1,0,0
133,45,23,1,1,0
133,30,23,1,0,0
133,48,23,1,1,0
137,46,23,-1,1,0
137,69,23,-1,0,1
137,56,23,-1,1,1
137,14,23,1,0,2
137,63,23,1,1,1
137,61,23,1,2,0
141,64,23,1,1,2
141,52,23,1,3,0
141,44,23,1,3,0
141,54,23,1,1,2
141,31,23,1,2,1
141,56,23,-1,0,3
148,22,23,1,1,1
148,64,23,1,0,2
148,39,23,-1,2,0
148,9,23,1,1,1
148,59,23,1,0,2
148,55,23,-1,1,1
152,18,23,1,0,0
152,20,23,1,0,0
152,35,23,1,0,0
152,17,23,1,0,0
152,23,23,-1,0,0
152,50,23,1,0,0
156,72,23,1,1,1
156,6,23,-1,1,0
156,46,23,-1,0,1
156,5,23,-1,1,1
156,41,23,1,2,1
156,20,23,1,3,0
161,42,23,1,2,1
161,67,23,1,1,2
161,44,23,1,1,2
161,15,23,-1,2,1
161,38,23,1,2,1
161,27,23,1,1,2
166,64,23,-1,1,1
166,40,23,-1,1,1
166,26,23,1,1,1
166,12,23,1,1,1
166,22,23,-1,1,1
166,30,23,1,2,0
171,62,23,1,2,0
171,41,23,1,1,1
171,17,23,1,0,2
171,36,23,1,0,2
171,19,23,1,2,0
171,63,23,-1,1,1
181,71,23,1,0,1
181,35,23,-1,0,1
181,32,23,1,0,1
181,22,23,1,1,0
181,60,23,1,1,0
181,1,23,1,0,1
186,2,23,1,0,1
186,13,23,1,0,1
186,52,23,1,2,0
186,19,23,-1,2,0
186,14,23,1,0,2
186,66,23,-1,1,1
191,42,23,1,0,2
191,48,23,1,0,2
191,68,23,1,2,0
191,18,23,1,2,0
191,15,23,-1,1,1
191,9,23,1,2,0
199,18,23,-1,0,1
199,54,23,1,0,1
199,38,23,1,1,0
199,66,23,-1,0,1
199,56,23,-1,0,1
199,12,23,-1,0,1
203,7,23,1,0,1
203,62,23,1,1,0
203,55,23,-1,0,1
203,52,23,1,0,1
203,38,23,1,0,1
203,54,23,1,1,0
206,46,23,1,1,0
206,59,23,1,1,0
206,68,23,1,2,0
206,6,23,-1,0,0
206,4,23,1,0,0
206,19,23,1,0,0
214,8,23,1,1,0
214,26,23,1,1,0
214,38,23,1,0,1
214,68,23,1,1,0
214,43,23,1,0,1
214,49,23,-1,0,1
218,66,23,-1,1,2
218,35,23,-1,0,3
218,53,23,-1,2,1
218,69,23,1,1,1
218,38,23,1,1,2
218,26,23,1,1,2
221,51,23,1,0,3
221,2,23,1,2,1
221,3,23,1,4,0
221,29,23,-1,2,1
221,58,23,1,2,1
221,21,23,1,0,3
229,33,23,1,0,0
229,71,23,1,0,0
229,44,23,1,0,0
229,47,23,1,0,0
229,10,23,-1,0,0
229,50,23,1,0,0
244,50,23,-1,0,0
244,2,23,-1,1,0
244,38,23,1,0,0
244,16,23,1,1,0
244,28,23,-1,1,0
244,8,23,1,0,0
247,43,23,1,0,1
247,28,23,1,0,1
247,58,23,-1,1,0
247,66,23,-1,1,0
247,14,23,1,0,1
247,63,23,-1,1,0
251,13,23,1,1,1
251,35,23,-1,0,2
251,47,23,1,2,0
251,40,23,-1,0,2
251,64,23,1,2,0
251,52,23,1,1,1
259,11,23,1,1,0
259,35,23,-1,0,1
259,8,23,1,0,1
259,59,23,1,1,0
259,44,23,-1,0,1
262,61,23,-1,1,0
262,11,23,-1,1,0
262,58,23,1,0,1
262,67,23,1,1,0
262,60,23,1,1,0
262,41,23,1,0,1
267,58,23,1,0,0
267,54,23,1,0,0
267,61,23,1,0,0
267,71,23,1,0,0
267,25,23,-1,0,0
267,23,23,-1,0,0
272,61,23,1,0,0
272,57,23,1,0,0
272,24,23,1,0,0
272,59,23,1,0,0
272,2,23,-1,0,0
272,20,23,1,0,0
276,52,23,-1,2,1
276,47,23,1,1,2
276,21,23,1,2,1
276,9,23,-1,2,1
276,50,23,1,0,3
276,45,23,1,0,3
1,67,24,1,0,1
1,49,24,-1,2,0
1,36,24,1,0,1
1,55,24,1,1,0
1,37,24,1,3,0
1,64,24,-1,0,1
10,48,24,-1,0,0
10,66,24,1,0,0
10,56,24,1,0,0
10,11,24,1,0,1
10,15,24,1,0,1
10,65,24,-1,1,0
13,26,24,1,0,0
13,3,24,1,0,0
13,68,24,1,0,1
13,49,24,-1,1,0
13,10,24,-1,0,0
13,72,24,1,0,0
16,66,24,1,2,0
16,56,24,-1,1,1
16,27,24,-1,0,2
16,54,24,1,0,2
16,25,24,1,1,1
16,72,24,1,0,2
23,57,24,1,1,0
23,69,24,-1,1,0
23,56,24,1,0,1
23,62,24,1,2,0
23,2,24,1,2,0
23,6,24,-1,2,0
26,27,24,1,0,2
26,18,24,1,1,2
26,45,24,-1,2,1
26,41,24,1,1,1
26,10,24,1,1,1
26,6,24,-1,2,0
33,20,24,1,0,0
33,63,24,-1,0,0
33,18,24,-1,0,0
33,67,24,-1,0,0
33,40,24,1,0,0
33,37,24,1,0,0
36,45,24,1,2,0
36,35,24,-1,1,1
36,48,24,-1,2,0
36,32,24,-1,0,2
36,2,24,1,1,0
36,37,24,1,0,2
43,55,24,1,1,0
43,46,24,1,0,0
43,35,24,-1,1,0
43,28,24,1,0,0
43,11,24,-1,1,0
43,36,24,-1,0,0
46,48,24,-1,1,1
46,72,24,-1,1,1
46,52,24,1,1,1
46,26,24,1,1,1
46,40,24,1,0,2
46,36,24,1,0,2
52,48,24,-1,0,2
52,27,24,1,0,2
52,12,24,1,1,1
52,66,24,-1,0,2
52,61,24,-1,1,1
52,51,24,1,0,2
58,33,24,1,0,2
58,64,24,-1,1,1
58,14,24,-1,1,1
58,3,24,1,1,1
58,72,24,1,2,0
58,12,24,1,2,0
62,30,24,-1,0,3
62,52,24,1,3,0
62,53,24,1,0,3
62,6,24,-1,3,0
62,61,24,-1,0,3
62,22,24,1,2,1
66,8,24,1,2,1
66,48,24,-1,1,2
66,1,24,1,3,1
66,69,24,-1,1,2
66,40,24,1,1,2
66,4,24,-1,2,1
72,12,24,1,2,0
72,8,24,1,0,2
72,44,24,1,1,1
72,33,24,1,0,2
72,61,24,-1,0,2
72,23,24,1,0,2
78,4,24,-1,2,0
78,64,24,1,1,1
78,63,24,1,0,2
78,70,24,1,1,1
78,6,24,-1,1,1
78,44,24,1,2,0
82,53,24,1,1,1
82,27,24,-1,0,2
82,46,24,-1,0,2
82,29,24,-1,2,0
82,61,24,-1,0,2
82,50,24,-1,1,1
86,52,24,1,1,1
86,12,24,1,1,1
86,21,24,1,0,2
86,32,24,1,0,2
86,1,24,1,3,0
86,41,24,1,0,2
97,30,24,-1,0,1
97,13,24,1,1,0
97,50,24,1,0,1
97,42,24,1,0,1
97,53,24,-1,1,0
97,20,24,1,0,1
101,47,24,1,1,0
101,62,24,-1,0,0
101,63,24,-1,0,0
101,24,24,1,2,0
101,55,24,1,0,0
101,68,24,1,0,0
112,55,24,-1,1,0
112,43,24,1,0,1
112,18,24,-1,0,1
112,12,24,1,1,0
112,33,24,1,0,1
116,70,24,1,1,0
116,34,24,1,1,0
116,3,24,-1,1,0
116,13,24,-1,0,1
116,21,24,-1,0,1
116,36,24,-1,0,1
124,27,24,-1,0,0
124,35,24,-1,0,0
124,16,24,1,0,0
124,20,24,1,0,0
124,62,24,1,0,0
124,4,24,-1,0,0
127,59,24,-1,0,2
127,31,24,1,0,2
127,13,24,1,1,0
127,48,24,-1,1,1
127,4,24,1,1,1
127,11,24,1,1,1
131,15,24,1,3,0
131,7,24,1,3,1
131,45,24,-1,3,1
131,65,24,-1,2,2
131,70,24,1,1,3
131,13,24,1,1,3
140,1,24,1,1,0
140,53,24,-1,0,1
140,58,24,-1,0,1
140,33,24,1,0,1
140,70,24,1,0,1
140,60,24,-1,1,0
142,41,24,1,1,0
142,61,24,-1,1,0
142,32,24,1,0,1
142,67,24,1,1,0
142,42,24,1,1,0
146,21,24,-1,0,1
146,2,24,1,2,0
146,59,24,-1,0,1
146,34,24,1,0,1
146,28,24,1,1,1
146,32,24,1,0,3
146,10,24,-1,0,1
146,44,24,-1,0,0
146,19,24,-1,1,0
155,28,24,1,0,0
155,65,24,-1,0,0
155,53,24,-1,0,0
155,58,24,-1,0,0
155,54,24,-1,0,0
155,71,24,-1,0,0
157,23,24,-1,0,2
157,8,24,1,1,1
157,13,24,1,1,1
157,27,24,-1,1,1
157,44,24,-1,2,0
157,24,24,1,0,2
161,42,24,1,3,1
161,67,24,-1,2,2
161,44,24,-1,2,2
161,15,24,1,2,2
161,27,24,-1,2,2
168,67,24,-1,1,0
168,62,24,1,0,1
168,61,24,1,0,1
168,19,24,1,2,0
168,60,24,-1,1,0
168,29,24,1,0,2
172,48,24,-1,1,1
172,11,24,1,2,0
172,16,24,1,2,0
172,24,24,1,0,2
172,29,24,1,0,2
172,9,24,1,2,0
178,41,24,1,2,0
178,71,24,-1,0,1
178,65,24,1,2,0
178,60,24,-1,0,1
178,15,24,1,1,0
178,52,24,-1,0,1
182,16,24,1,3,0
182,45,24,1,1,2
182,5,24,1,1,2
182,66,24,1,2,1
182,52,24,-1,1,2
182,25,24,1,2,1
186,2,24,1,1,2
186,13,24,1,1,2
186,52,24,-1,3,1
186,19,24,1,3,1
186,14,24,1,1,3
186,66,24,1,1,3
193,13,24,1,0,0
193,64,24,-1,0,0
193,10,24,1,0,0
193,12,24,1,0,0
193,38,24,1,0,0
193,43,24,1,0,0
198,62,24,1,0,1
198,13,24,1,0,1
198,46,24,1,1,0
198,45,24,-1,1,0
198,38,24,1,0,1
198,32,24,1,1,0
202,53,24,-1,0,0
202,60,24,-1,0,0
202,46,24,1,0,0
202,12,24,1,1,0
202,66,24,1,0,0
202,65,24,-1,0,0
208,71,24,1,0,3
208,7,24,1,1,2
208,49,24,1,2,1
208,38,24,1,0,3
208,9,24,-1,3,0
212,43,24,-1,0,2
212,23,24,-1,0,2
212,52,24,1,1,1
212,16,24,1,1,0
212,29,24,1,0,1
216,23,24,1,0,0
216,33,24,1,0,0
216,20,24,1,1,0
216,41,24,1,2,0
216,50,24,1,0,0
216,67,24,-1,0,0
225,1,24,1,0,1
225,42,24,1,0,1
225,43,24,1,0,1
225,61,24,1,1,0
225,3,24,1,1,0
229,33,24,1,1,0
229,71,24,1,1,0
229,44,24,-1,1,0
229,47,24,1,1,0
229,10,24,-1,0,1
229,50,24,1,1,0
231,57,24,1,1,0
231,71,24,1,2,0
231,21,24,1,0,1
231,36,24,1,0,1
231,32,24,1,0,1
231,50,24,1,0,1
240,61,24,1,0,0
240,51,24,1,0,0
240,6,24,-1,0,0
240,36,24,1,0,0
240,48,24,1,0,0
240,26,24,1,0,0
243,24,24,1,1,0
243,66,24,1,1,0
243,45,24,1,1,0
243,31,24,1,0,1
243,35,24,-1,0,1
243,51,24,-1,0,1
246,20,24,1,1,0
246,2,24,1,1,0
246,18,24,-1,1,0
246,23,24,1,0,1
246,8,24,1,0,1
246,32,24,-1,0,1
255,33,24,1,0,0
255,13,24,1,0,0
255,34,24,1,0,0
255,56,24,1,0,0
255,23,24,1,0,0
255,19,24,1,0,0
258,12,24,1,1,0
258,67,24,-1,1,0
258,27,24,1,0,1
258,10,24,1,0,0
258,5,24,1,1,0
258,13,24,1,0,1
261,22,24,1,0,0
261,59,24,-1,1,0
261,66,24,-1,0,0
261,64,24,-1,0,0
261,44,24,-1,0,0
261,32,24,1,0,0
270,59,24,-1,0,1
270,72,24,1,0,1
270,21,24,1,0,1
270,5,24,1,1,0
270,67,24,1,0,1
270,6,24,-1,1,0
275,35,24,-1,0,1
275,14,24,-1,0,1
275,45,24,-1,0,1
275,46,24,1,1,0
275,13,24,1,0,1
275,39,24,1,1,0
279,55,24,1,0,0
279,18,24,-1,0,0
279,51,24,1,0,0
279,44,24,1,0,0
279,9,24,1,0,0
279,7,24,1,0,0
1,67,26,-1,0,0
1,36,26,-1,0,0
1,37,26,1,2,0
1,64,26,-1,0,0
1,55,26,1,0,0
1,49,26,1,1,0
8,62,26,1,1,0
8,27,26,-1,0,1
8,48,26,1,1,0
8,42,26,-1,0,1
8,33,26,-1,0,0
8,58,26,1,1,0
15,57,26,1,0,0
15,1,26,-1,0,0
15,61,26,-1,0,0
15,32,26,1,0,0
15,62,26,1,0,0
15,19,26,1,0,0
18,19,26,-1,1,1
18,20,26,-1,0,1
18,52,26,1,1,1
18,60,26,-1,2,0
18,12,26,1,3,0
18,7,26,1,2,0
21,9,26,1,0,0
21,51,26,1,0,0
21,8,26,-1,0,0
21,1,26,-1,1,0
21,5,26,-1,0,0
21,7,26,-1,0,0
30,69,26,1,0,0
30,32,26,-1,0,0
30,60,26,-1,0,0
30,19,26,-1,0,0
30,61,26,-1,0,0
30,20,26,-1,0,0
33,20,26,-1,1,2
33,63,26,-1,0,3
33,18,26,-1,1,2
33,67,26,-1,1,2
33,40,26,-1,2,1
33,37,26,1,3,0
36,45,26,1,4,0
36,35,26,-1,1,3
36,48,26,1,2,2
36,32,26,-1,1,3
36,2,26,1,2,1
36,37,26,-1,1,3
45,19,26,-1,0,0
45,34,26,-1,0,0
45,67,26,-1,0,0
45,20,26,-1,0,0
45,60,26,-1,0,0
45,63,26,1,0,0
48,63,26,1,1,0
48,24,26,-1,1,0
48,71,26,1,0,1
48,49,26,1,0,1
48,42,26,-1,0,1
48,14,26,1,0,1
51,8,26,-1,3,3
51,18,26,1,6,0
51,67,26,-1,2,2
51,5,26,-1,0,4
51,63,26,1,1,3
51,54,26,1,3,2
59,4,26,1,0,1
59,42,26,-1,0,1
59,20,26,-1,1,0
59,46,26,1,1,0
59,62,26,1,0,1
59,15,26,1,1,0
65,38,26,-1,0,0
65,59,26,-1,0,0
65,42,26,-1,0,0
65,51,26,1,0,0
65,6,26,1,0,0
65,53,26,-1,0,0
74,26,26,-1,0,1
74,61,26,-1,0,1
74,11,26,-1,1,0
74,38,26,-1,1,0
74,6,26,1,1,0
74,41,26,-1,0,1
80,36,26,-1,0,0
80,24,26,-1,1,0
80,61,26,-1,0,0
80,45,26,1,0,0
80,54,26,1,0,0
80,10,26,1,1,0
88,16,26,1,1,1
88,47,26,-1,2,0
88,51,26,1,0,2
88,21,26,-1,1,1
88,38,26,-1,1,1
88,28,26,-1,1,1
94,48,26,1,0,1
94,29,26,-1,0,1
94,44,26,-1,0,1
94,66,26,1,1,0
94,59,26,-1,0,1
94,9,26,1,1,0
97,30,26,-1,0,2
97,13,26,1,3,0
97,42,26,-1,2,1
97,20,26,-1,1,1
97,50,26,1,1,1
97,53,26,-1,1,1
102,31,26,-1,2,1
102,65,26,-1,1,2
102,23,26,-1,0,3
102,4,26,-1,0,3
102,64,26,-1,2,1
102,12,26,1,2,1
110,47,26,-1,1,0
110,29,26,-1,0,1
110,5,26,-1,0,1
110,71,26,-1,0,1
110,42,26,-1,0,1
110,43,26,-1,0,1
110,12,26,1,1,0
128,43,26,-1,1,2
128,12,26,1,2,1
128,58,26,1,1,1
128,47,26,-1,2,1
128,42,26,-1,1,2
128,67,26,-1,1,2
142,51,26,1,1,0
142,42,26,-1,2,0
142,67,26,-1,2,0
142,32,26,1,1,1
142,41,26,-1,2,0
142,61,26,-1,1,1
146,21,26,-1,0,4
146,2,26,1,5,0
146,59,26,-1,0,4
146,34,26,1,2,2
146,28,26,-1,3,1
146,32,26,-1,2,3
146,10,26,1,0,3
146,44,26,1,0,3
146,19,26,-1,1,2
154,44,26,1,1,0
154,29,26,-1,0,1
154,47,26,1,1,0
154,42,26,-1,0,1
154,20,26,-1,0,1
154,19,26,1,1,0
159,27,26,-1,0,0
159,35,26,-1,0,0
159,63,26,1,0,0
159,58,26,1,0,0
159,22,26,1,0,0
159,34,26,-1,0,0
163,46,26,1,1,0
163,6,26,1,2,0
163,64,26,-1,1,0
163,22,26,1,2,0
163,18,26,1,2,0
163,17,26,-1,0,2
166,22,26,1,2,2
166,12,26,1,3,1
166,26,26,-1,2,1
166,40,26,-1,1,2
166,64,26,-1,1,2
166,30,26,-1,5,0
174,24,26,-1,0,1
174,3,26,-1,0,1
174,60,26,1,1,0
174,42,26,-1,0,1
174,66,26,1,1,0
174,54,26,1,1,0
178,41,26,-1,3,0
178,71,26,1,0,2
178,65,26,-1,3,0
178,60,26,-1,0,2
178,15,26,1,2,0
178,52,26,1,0,2
181,35,26,-1,0,2
181,32,26,1,1,1
181,22,26,1,2,0
181,60,26,1,2,0
181,1,26,-1,1,1
181,71,26,-1,1,1
189,9,26,1,1,0
189,5,26,1,1,0
189,25,26,-1,0,1
189,58,26,1,0,1
189,12,26,1,1,0
189,7,26,-1,1,0
193,13,26,1,1,0
193,64,26,-1,0,1
193,10,26,1,1,0
193,12,26,1,1,0
193,38,26,-1,1,0
193,43,26,-1,1,0
197,51,26,1,1,1
197,56,26,-1,2,0
197,10,26,1,2,0
197,42,26,-1,0,2
197,35,26,-1,0,2
197,6,26,1,2,0
203,7,26,-1,1,1
203,62,26,1,2,0
203,55,26,-1,0,2
203,52,26,1,1,1
203,38,26,-1,1,1
203,54,26,1,2,0
207,64,26,-1,1,1
207,17,26,-1,0,2
207,55,26,-1,1,1
207,45,26,1,2,0
207,18,26,1,0,2
207,41,26,-1,1,1
211,55,26,1,4,0
211,63,26,1,2,1
211,8,26,-1,0,3
211,65,26,1,3,0
211,37,26,1,1,2
211,57,26,1,3,0
220,47,26,-1,0,0
220,17,26,-1,0,0
220,2,26,1,0,0
220,20,26,-1,0,0
220,55,26,-1,0,0
220,70,26,1,0,0
228,16,26,1,1,0
228,18,26,-1,1,0
228,13,26,1,1,0
228,19,26,-1,0,1
228,38,26,-1,0,1
228,72,26,-1,1,0
233,47,26,-1,0,2
233,61,26,-1,1,1
233,53,26,-1,1,1
233,28,26,-1,0,2
233,3,26,-1,1,1
233,63,26,1,0,2
237,7,26,-1,1,1
237,34,26,-1,0,2
237,47,26,-1,1,1
237,32,26,-1,0,2
237,18,26,1,1,1
237,39,26,1,0,2
241,41,26,-1,5,0
241,3,26,1,3,2
241,69,26,1,1,3
241,50,26,1,0,4
241,40,26,-1,2,3
241,58,26,1,2,3
250,5,26,-1,0,0
250,29,26,-1,0,0
250,20,26,-1,0,0
250,24,26,-1,0,0
250,50,26,1,0,0
250,39,26,1,0,0
252,66,26,1,0,2
252,62,26,1,1,1
252,32,26,-1,0,2
252,16,26,1,2,0
252,4,26,-1,0,2
252,57,26,1,2,0
258,12,26,1,3,0
258,67,26,-1,2,1
258,27,26,-1,2,1
258,5,26,-1,3,0
258,13,26,1,2,1
258,10,26,1,2,0
262,61,26,1,1,1
262,11,26,-1,1,1
262,58,26,1,1,1
262,67,26,1,2,0
262,60,26,1,2,0
262,41,26,-1,1,1
266,6,26,1,4,0
266,45,26,1,2,1
266,25,26,-1,0,3
266,43,26,-1,1,2
266,62,26,1,1,2
266,2,26,1,3,0
272,61,26,1,1,0
272,57,26,1,1,0
272,24,26,-1,1,0
272,59,26,-1,1,0
272,2,26,-1,0,1
272,20,26,-1,1,0
278,2,26,-1,0,1
278,15,26,1,1,0
278,40,26,-1,0,1
278,29,26,-1,0,1
278,25,26,-1,0,1
278,7,26,-1,1,0
1,37,27,1,0,0
1,49,27,1,3,1
9,26,27,1,0,0
9,45,27,1,1,0
9,30,27,1,0,0
9,52,27,-1,0,0
9,44,27,1,1,0
9,64,27,-1,1,0
14,65,27,1,0,1
14,2,27,1,1,0
24,34,27,1,0,0
24,13,27,1,1,0
29,51,27,1,0,0
29,13,27,1,0,0
29,3,27,-1,0,0
29,57,27,-1,0,0
29,59,27,-1,0,0
39,20,27,1,1,0
44,13,27,1,0,0
44,53,27,1,0,0
44,69,27,-1,0,1
44,17,27,1,1,0
46,52,27,1,2,1
46,26,27,1,2,1
46,48,27,1,1,2
46,72,27,1,1,2
54,4,27,1,1,0
60,41,27,1,0,0
61,14,27,-1,0,1
61,15,27,1,1,0
61,27,27,-1,0,1
61,5,27,1,0,1
69,42,27,1,1,0
69,69,27,1,0,1
69,25,27,-1,1,0
69,7,27,-1,1,0
69,26,27,-1,0,1
75,37,27,1,0,0
75,33,27,-1,0,0
75,45,27,1,0,0
84,37,27,1,1,0
90,38,27,1,0,0
90,13,27,1,0,0
92,3,27,-1,1,0
92,25,27,-1,1,0
92,29,27,-1,0,1
92,51,27,1,2,1
92,60,27,-1,1,1
92,4,27,1,0,2
97,13,27,1,2,0
97,42,27,1,1,1
106,26,27,1,0,1
106,69,27,1,1,0
114,9,27,1,1,0
118,20,27,1,0,0
118,7,27,1,0,0
123,9,27,1,2,0
133,48,27,1,0,0
133,36,27,1,0,0
133,45,27,1,0,0
136,17,27,-1,0,2
136,19,27,1,1,1
136,66,27,1,5,0
146,2,27,1,1,0
146,32,27,-1,0,1
153,68,27,1,3,0
156,20,27,1,0,0
156,41,27,1,0,0
163,6,27,1,3,0
167,54,27,1,1,2
167,66,27,1,3,0
177,54,27,1,0,1
188,42,27,1,1,0
188,18,27,1,0,0
192,7,27,1,2,0
209,17,27,1,0,0
209,16,27,1,0,0
213,71,27,1,2,0
213,14,27,-1,2,0
217,49,27,1,2,0
223,28,27,1,0,0
223,38,27,1,0,0
223,18,27,1,1,0
227,20,27,1,1,0
227,47,27,-1,1,0
227,9,27,1,1,0
242,68,27,1,0,0
252,16,27,1,3,0
265,71,27,1,0,0
265,2,27,1,0,0
265,48,27,1,0,0
268,27,27,1,0,0
272,61,27,1,2,0
277,16,27,1,1,0
277,24,27,1,1,1
277,35,27,1,1,0
281,95,27,1,1,0
281,98,27,1,1,0
281,74,29,-1,0,0
281,95,29,1,0,0
281,98,29,1,0,0
