0.022811,0
0.022811,0
0.022811,0
0.033386,0
0.033386,0
0.033386,0
0.033386,0
0.033386,0
0.038476,0
0.038476,0
0.038476,0
0.038476,0
0.038476,0
0.038476,0
0.038476,0
0.046652,0
0.046652,0
0.046652,0
0.046652,0
0.046722,0
0.047776,0
0.047776,0
0.053133,0
0.053133,0
0.053133,0
0.053629,0
0.053629,0
0.053629,0
0.056966,0
0.056966,0
0.056966,0
0.056966,0
0.056966,0
0.058271,0
0.058271,0
0.058271,0
0.059684,0
0.059684,0
0.060403,0
0.060403,0
0.060403,0
0.060403,0
0.060403,0
0.060403,0
0.061463,0
0.061463,0
0.061463,0
0.061463,0
0.061463,0
0.063698,0
0.063698,1
0.063698,0
0.063698,0
0.064735,0
0.064735,0
0.064735,0
0.064735,0
0.064735,0
0.064735,0
0.069547,0
0.070784,0
0.070784,0
0.070784,0
0.072874,0
0.072874,0
0.072874,0
0.072874,0
0.072874,0
0.072874,0
0.072874,0
0.075384,0
0.075384,0
0.075384,0
0.075384,0
0.075384,0
0.075471,0
0.075471,0
0.075471,0
0.075471,0
0.084671,0
0.084671,0
0.084671,0
0.084797,0
0.084797,0
0.084797,0
0.084797,0
0.089451,0
0.089451,1
0.089451,0
0.089451,0
0.089451,0
0.089451,0
0.089451,0
0.089451,0
0.089451,0
0.089451,0
0.095757,0
0.095757,0
0.095757,0
0.095956,0
0.095956,0
0.095956,0
0.095956,0
0.096702,0
0.096702,0
0.098792,0
0.098792,0
0.10489,0
0.10489,0
0.10489,0
0.10489,0
0.10489,0
0.10536,0
0.10536,0
0.10536,0
0.10875,0
0.10875,0
0.10875,0
0.10875,0
0.10875,0
0.10952,0
0.10952,0
0.10952,0
0.10952,0
0.11074,0
0.11074,0
0.11074,0
0.11074,0
0.11221,0
0.11221,0
0.11221,0
0.11221,0
0.11221,0
0.11385,0
0.11385,0
0.11385,0
0.11385,0
0.11504,0
0.11874,0
0.11874,0
0.11874,0
0.11874,0
0.12056,0
0.12056,0
0.12056,0
0.12056,0
0.12056,0
0.12056,1
0.12056,0
0.12056,0
0.12242,0
0.12242,0
0.12242,0
0.12242,0
0.12242,0
0.1257,0
0.1257,0
0.1257,0
0.1257,0
0.1257,0
0.12815,0
0.12815,0
0.12815,0
0.13059,0
0.13059,0
0.13059,1
0.13059,0
0.13059,0
0.13059,0
0.13059,0
0.1347,0
0.1348,0
0.1348,0
0.1348,0
0.13761,0
0.1389,0
0.1389,0
0.1389,0
0.1389,0
0.1389,0
0.13903,0
0.13903,0
0.14041,0
0.14041,0
0.14041,0
0.14041,0
0.14041,0
0.14041,1
0.14089,0
0.14089,0
0.14089,0
0.14089,0
0.14089,0
0.14104,0
0.14104,0
0.14104,0
0.14477,0
0.14484,0
0.14484,0
0.14484,0
0.14484,0
0.14484,1
0.14753,0
0.14753,0
0.14753,0
0.14753,0
0.14753,0
0.14753,0
0.14753,0
0.1481,0
0.1481,0
0.1481,0
0.1481,0
0.14864,0
0.15264,0
0.15264,0
0.15264,0
0.15476,0
0.15476,0
0.15476,0
0.15476,0
0.15476,0
0.15476,0
0.15476,0
0.15476,0
0.15476,0
0.15476,0
0.15662,0
0.15662,0
0.15662,0
0.15662,0
0.15662,0
0.15662,0
0.15676,0
0.15676,0
0.15676,0
0.15801,0
0.15801,0
0.15801,0
0.15801,0
0.15827,0
0.15827,0
0.15827,0
0.15827,0
0.15827,0
0.15956,1
0.15956,0
0.15956,0
0.15956,1
0.1605,0
0.1605,0
0.1605,0
0.1605,0
0.1605,1
0.1605,0
0.1605,0
0.1605,0
0.1605,0
0.1605,0
0.16139,0
0.16139,0
0.16139,0
0.16468,0
0.16468,0
0.16468,0
0.16468,0
0.16468,0
0.16468,0
0.16533,0
0.16533,0
0.16533,0
0.16533,0
0.16544,0
0.16544,0
0.16544,0
0.16544,0
0.16692,0
0.16692,0
0.16692,0
0.16846,0
0.16846,0
0.16846,0
0.16931,0
0.16931,0
0.16931,0
0.16931,0
0.16931,0
0.16931,0
0.16931,0
0.17094,1
0.17094,0
0.17189,0
0.17189,0
0.17189,0
0.17189,0
0.17532,0
0.17532,0
0.17543,0
0.17543,0
0.17543,0
0.17543,0
0.17543,0
0.17577,0
0.17577,0
0.17577,0
0.17577,0
0.17629,0
0.17629,0
0.17629,0
0.17629,0
0.17745,1
0.17745,0
0.17745,1
0.17745,1
0.17745,0
0.1781,0
0.1781,0
0.1781,0
0.17893,0
0.17893,0
0.17893,0
0.17893,0
0.17898,0
0.17898,0
0.17898,0
0.18107,0
0.18184,0
0.18184,0
0.18184,0
0.18184,0
0.18184,0
0.18291,0
0.18291,0
0.18507,0
0.18507,0
0.18507,0
0.18507,0
0.18528,0
0.18528,0
0.18882,0
0.18882,0
0.18882,0
0.18882,1
0.19316,0
0.19316,0
0.19745,0
0.19941,0
0.19941,0
0.19941,0
0.19941,0
0.19941,1
0.19941,0
0.19941,1
0.19941,0
0.19941,0
0.20239,0
0.20239,0
0.20239,0
0.20507,0
0.20507,0
0.20507,0
0.20507,0
0.20507,0
0.20507,0
0.20507,0
0.20507,0
0.20507,0
0.20507,0
0.20507,0
0.20507,0
0.2065,0
0.2065,0
0.2065,0
0.2065,0
0.2065,0
0.2087,0
0.2087,0
0.2087,0
0.2087,0
0.2087,0
0.2087,0
0.21317,0
0.21317,0
0.21317,0
0.21317,0
0.21317,0
0.21317,0
0.21737,0
0.21737,0
0.21737,0
0.21737,0
0.2184,0
0.2184,0
0.2184,0
0.21899,0
0.21899,0
0.21899,1
0.21899,1
0.21899,0
0.21899,0
0.21899,0
0.21899,0
0.21899,0
0.21899,0
0.21899,0
0.21899,0
0.22282,1
0.22282,1
0.22381,0
0.22389,1
0.22389,0
0.22389,0
0.22389,0
0.22389,0
0.22389,0
0.22389,0
0.22389,0
0.22389,0
0.22389,0
0.22389,0
0.22389,0
0.22389,0
0.22595,0
0.22595,0
0.22595,0
0.22595,0
0.22595,0
0.22819,0
0.22819,1
0.22819,0
0.22819,1
0.22819,1
0.22819,0
0.22819,1
0.2283,0
0.22912,0
0.22912,0
0.22912,0
0.22912,0
0.22912,0
0.22912,0
0.23186,0
0.23186,0
0.23259,0
0.23259,0
0.23259,0
0.23259,0
0.23259,0
0.23259,0
0.23259,0
0.2343,1
0.2343,1
0.2343,0
0.2343,0
0.23456,0
0.23456,1
0.23456,0
0.23462,0
0.23462,0
0.23794,0
0.23794,0
0.23794,1
0.23794,0
0.23794,1
0.23794,0
0.23794,0
0.23794,0
0.23794,0
0.23794,0
0.23794,0
0.23794,0
0.23794,0
0.23946,1
0.23946,0
0.23946,0
0.23946,0
0.24013,0
0.24013,0
0.24013,0
0.24013,1
0.24013,0
0.24013,0
0.24013,0
0.24013,0
0.24013,0
0.24013,1
0.24013,0
0.24144,0
0.24144,1
0.24144,0
0.2417,0
0.24666,0
0.2471,0
0.2471,0
0.24834,0
0.24834,0
0.25,0
0.25,0
0.25031,1
0.25031,1
0.25209,0
0.25404,0
0.25404,1
0.25404,0
0.25404,0
0.25404,0
0.25404,0
0.25627,0
0.25627,0
0.25627,0
0.25627,0
0.25627,0
0.25627,0
0.25822,0
0.26062,0
0.26062,0
0.26062,0
0.26118,0
0.26118,0
0.26118,1
0.26118,0
0.26118,0
0.26118,0
0.26137,0
0.26137,0
0.26137,0
0.26137,0
0.26417,0
0.26417,1
0.26721,0
0.26721,0
0.26721,0
0.2681,0
0.2681,0
0.2681,0
0.27083,0
0.27083,0
0.27098,1
0.27098,1
0.27098,1
0.27098,0
0.27098,0
0.27098,0
0.27098,1
0.27098,0
0.27287,0
0.27287,0
0.27287,0
0.27287,0
0.27386,0
0.27386,0
0.27386,0
0.27386,0
0.27386,0
0.27407,0
0.27407,1
0.27407,0
0.27407,0
0.27407,0
0.27407,0
0.27407,0
0.27407,0
0.27407,0
0.27407,0
0.27419,0
0.27419,0
0.27419,0
0.27419,0
0.27419,0
0.27419,0
0.27445,1
0.27445,1
0.27445,0
0.27445,1
0.2746,0
0.2746,0
0.27486,1
0.27486,0
0.27486,0
0.27486,0
0.27602,0
0.27602,1
0.27602,0
0.27602,1
0.27602,0
0.27602,0
0.27602,0
0.27602,1
0.27716,0
0.27716,0
0.27716,0
0.27716,0
0.27716,0
0.27716,1
0.27716,0
0.27716,0
0.27716,0
0.27732,0
0.27732,0
0.27732,0
0.27732,0
0.27732,1
0.27732,0
0.27732,0
0.27732,0
0.27732,0
0.27732,0
0.27732,0
0.27732,0
0.27732,0
0.27732,0
0.27899,1
0.27899,0
0.27899,1
0.27899,0
0.27899,1
0.28,0
0.28,1
0.28,1
0.28,0
0.28,1
0.28,0
0.28,0
0.28,1
0.28,0
0.28,0
0.28,1
0.28,0
0.28,0
0.28,0
0.28,0
0.28,0
0.28,0
0.28,0
0.28,0
0.28,1
0.28,0
0.28,0
0.28,0
0.28,0
0.28,1
0.28,0
0.28,0
0.28,0
0.28,0
0.28043,0
0.28043,1
0.28043,1
0.28043,1
0.28043,0
0.28043,0
0.28043,1
0.28043,0
0.28061,0
0.28061,0
0.28061,0
0.28061,0
0.28061,0
0.28061,0
0.28061,1
0.28061,0
0.28061,1
0.28061,0
0.28061,0
0.28224,0
0.28224,0
0.28224,0
0.28373,1
0.28373,0
0.28373,0
0.28373,1
0.28373,1
0.28373,0
0.28373,0
0.28382,0
0.28382,0
0.28382,0
0.2843,0
0.2843,0
0.28576,1
0.28576,1
0.28592,0
0.28592,0
0.28592,0
0.28592,0
0.28592,0
0.28592,0
0.28592,0
0.28899,0
0.28899,0
0.28899,0
0.28924,0
0.28926,0
0.28926,0
0.28978,0
0.28978,0
0.28978,1
0.28978,1
0.28978,1
0.28978,0
0.28978,0
0.28978,1
0.29099,1
0.29099,1
0.29099,0
0.29099,0
0.29099,1
0.29242,0
0.29242,0
0.29242,0
0.29242,0
0.29242,0
0.29242,0
0.2937,0
0.2937,0
0.2937,0
0.2937,1
0.2937,1
0.29508,0
0.29508,0
0.29529,1
0.29529,1
0.29529,1
0.29723,0
0.29796,0
0.29796,0
0.29796,0
0.29796,0
0.29796,0
0.29796,0
0.29796,0
0.29943,1
0.29976,0
0.29976,0
0.29976,0
0.29984,0
0.29984,0
0.29984,1
0.30079,1
0.30355,0
0.30355,0
0.30355,0
0.30493,0
0.30493,0
0.30653,0
0.30653,0
0.30653,0
0.3074,1
0.30858,0
0.30858,0
0.30858,0
0.30858,1
0.30858,0
0.30858,0
0.30858,0
0.30858,0
0.30858,0
0.30858,0
0.30858,0
0.30858,0
0.30858,0
0.30858,0
0.31143,0
0.31143,0
0.31143,0
0.31201,0
0.31201,0
0.31201,0
0.31201,0
0.31201,0
0.31201,0
0.31326,0
0.31326,0
0.31326,0
0.31326,0
0.31326,0
0.31355,0
0.31355,0
0.31361,0
0.31462,0
0.31462,1
0.31462,1
0.31462,0
0.31462,1
0.31552,0
0.31552,0
0.31552,0
0.31552,0
0.31552,0
0.31552,0
0.31552,1
0.31552,1
0.31906,1
0.31906,1
0.31906,0
0.31906,0
0.31906,1
0.31906,1
0.31906,0
0.31981,0
0.31981,0
0.31981,0
0.31981,0
0.31981,0
0.31981,0
0.31981,1
0.31981,0
0.32,0
0.32,0
0.32262,1
0.32262,0
0.32262,1
0.32262,0
0.32262,0
0.32262,1
0.32262,1
0.32262,0
0.32262,1
0.32262,1
0.32262,0
0.32262,0
0.32262,0
0.32452,0
0.32452,1
0.32452,0
0.32452,0
0.3248,0
0.3248,0
0.3248,0
0.32615,0
0.32615,0
0.32615,0
0.32618,1
0.32618,0
0.32618,1
0.32618,0
0.32618,0
0.32618,0
0.32618,0
0.32618,0
0.32618,1
0.32618,0
0.32618,0
0.32618,1
0.32618,1
0.32618,1
0.32618,1
0.32619,0
0.32619,1
0.32706,1
0.32706,1
0.32706,0
0.32706,0
0.32706,1
0.32755,0
0.32758,0
0.32758,1
0.32758,0
0.32758,1
0.32806,0
0.32806,0
0.32806,0
0.32806,1
0.32827,1
0.32827,0
0.32827,1
0.32827,0
0.32827,0
0.32834,0
0.32915,0
0.32915,0
0.32915,0
0.32915,0
0.32915,0
0.32988,1
0.32988,1
0.32989,0
0.32989,0
0.32989,0
0.33119,0
0.33119,0
0.33119,0
0.33119,0
0.33119,0
0.33241,0
0.33277,0
0.33277,0
0.33277,1
0.33277,0
0.33277,1
0.33277,0
0.33277,0
0.33277,0
0.33311,0
0.33446,0
0.33446,0
0.33446,1
0.33446,0
0.3364,1
0.3364,0
0.3364,0
0.3364,0
0.3364,1
0.3364,0
0.3364,1
0.3364,1
0.3364,0
0.3364,0
0.3364,0
0.3364,0
0.3364,0
0.34005,0
0.34005,0
0.34005,0
0.34005,1
0.34005,0
0.34005,0
0.34147,1
0.34147,1
0.34325,0
0.34325,0
0.34325,1
0.34325,0
0.34325,0
0.34393,0
0.34393,0
0.34393,1
0.34393,0
0.34393,1
0.34833,1
0.34833,0
0.34833,1
0.34833,1
0.34833,0
0.34877,0
0.34877,1
0.34885,0
0.34885,1
0.34885,1
0.34922,1
0.35129,0
0.35129,0
0.35129,0
0.3521,0
0.3521,0
0.3521,0
0.35466,0
0.35466,1
0.35565,1
0.35565,0
0.35565,0
0.35565,0
0.35565,1
0.35565,1
0.35689,1
0.35842,0
0.35842,0
0.35844,0
0.35844,0
0.35844,1
0.35844,0
0.35844,0
0.35844,0
0.35844,0
0.35844,0
0.35844,1
0.35844,0
0.35844,0
0.35844,0
0.35844,0
0.35844,0
0.35844,0
0.35844,0
0.35844,1
0.35844,0
0.35895,0
0.35895,0
0.35895,0
0.35895,1
0.35895,0
0.35895,1
0.36275,0
0.36275,0
0.36725,1
0.36725,0
0.36725,0
0.36725,0
0.36725,1
0.3676,0
0.3676,1
0.3676,0
0.3676,1
0.3676,0
0.3676,1
0.3676,0
0.3676,1
0.36906,1
0.36906,0
0.36906,0
0.36906,1
0.37209,0
0.37209,0
0.37209,0
0.37209,0
0.37209,1
0.37209,0
0.37209,1
0.37209,0
0.37209,0
0.37209,0
0.37209,1
0.37209,1
0.37209,1
0.37209,1
0.37209,1
0.37209,0
0.37209,0
0.37209,1
0.37209,1
0.37209,0
0.37209,0
0.37209,0
0.37209,0
0.37209,0
0.37209,1
0.37209,0
0.37209,0
0.37209,0
0.37209,1
0.37209,0
0.37209,0
0.37209,1
0.37209,1
0.37209,1
0.37209,1
0.37209,1
0.37209,0
0.37209,0
0.37209,0
0.37209,1
0.37209,0
0.37209,0
0.37209,1
0.37209,0
0.37209,1
0.37209,0
0.37209,1
0.37209,1
0.37209,1
0.37209,0
0.37209,0
0.37209,1
0.37209,0
0.37209,1
0.37209,0
0.37209,0
0.37209,1
0.37209,1
0.37209,1
0.37209,1
0.37209,0
0.37209,0
0.37209,0
0.37209,0
0.37209,0
0.37209,0
0.37209,0
0.37209,1
0.37209,1
0.37209,1
0.37209,0
0.37209,1
0.37209,1
0.37209,0
0.37209,1
0.37209,1
0.37209,0
0.37209,1
0.37209,0
0.37209,0
0.37209,0
0.37209,0
0.37209,1
0.37209,1
0.37209,0
0.37209,0
0.37209,1
0.37209,0
0.37209,0
0.37209,0
0.37209,0
0.37209,0
0.37209,1
0.37209,0
0.37209,0
0.37209,0
0.37209,1
0.37209,0
0.37209,0
0.37209,1
0.37209,1
0.37209,0
0.37209,1
0.37209,1
0.37209,0
0.37209,1
0.37209,1
0.37209,0
0.37209,0
0.37209,1
0.37209,1
0.37209,1
0.37209,0
0.37209,0
0.37209,0
0.37209,1
0.37209,0
0.37209,0
0.37209,1
0.37209,1
0.37209,1
0.37209,0
0.37209,0
0.37209,0
0.37209,0
0.37209,0
0.37209,0
0.37209,0
0.37209,0
0.37209,0
0.37209,1
0.37209,0
0.37209,0
0.37209,0
0.37209,0
0.37209,0
0.37209,0
0.37209,0
0.37209,1
0.37209,0
0.37209,0
0.37209,1
0.37209,0
0.37209,0
0.37209,0
0.37209,1
0.37209,1
0.37209,0
0.37209,1
0.37209,0
0.37209,0
0.37209,0
0.37209,0
0.37209,0
0.37209,0
0.37209,0
0.37209,0
0.37209,1
0.37209,0
0.37209,0
0.37209,0
0.37209,0
0.37209,1
0.37209,0
0.37209,0
0.37209,0
0.37209,0
0.37209,0
0.37209,0
0.37209,1
0.37209,1
0.37209,1
0.37209,0
0.37209,0
0.37209,1
0.37209,0
0.37209,1
0.37209,0
0.37209,1
0.37209,1
0.37209,1
0.37209,1
0.37209,1
0.37209,0
0.37209,0
0.37209,0
0.37209,0
0.37209,1
0.37209,0
0.37209,1
0.37209,0
0.37209,1
0.37209,0
0.37209,0
0.37209,1
0.37209,1
0.37209,0
0.37209,0
0.37209,1
0.37209,0
0.37209,0
0.37209,0
0.37209,0
0.37209,0
0.37209,0
0.37209,0
0.37209,1
0.37209,0
0.37209,0
0.37209,1
0.37209,0
0.37209,0
0.37209,0
0.37209,0
0.37209,0
0.37209,1
0.37209,0
0.37209,1
0.37209,1
0.37209,0
0.37209,1
0.37209,1
0.37209,1
0.37209,0
0.37209,1
0.37209,0
0.37209,0
0.37209,1
0.37209,0
0.37209,0
0.37209,0
0.37209,1
0.37209,0
0.37209,0
0.37209,1
0.37209,0
0.37209,0
0.37209,1
0.37209,0
0.37209,0
0.37209,0
0.37209,0
0.37209,1
0.37209,1
0.37209,0
0.37209,0
0.37209,0
0.37209,1
0.37209,1
0.37209,0
0.37209,0
0.37209,0
0.37209,1
0.37209,0
0.37209,0
0.37209,0
0.37209,0
0.37209,0
0.37232,0
0.37232,0
0.37232,1
0.37521,0
0.37521,1
0.37521,0
0.37521,1
0.37682,0
0.37682,0
0.37682,1
0.37682,0
0.37848,0
0.37848,0
0.37848,0
0.37848,1
0.37848,0
0.37858,1
0.37858,1
0.37858,1
0.37971,1
0.37971,0
0.37971,0
0.37971,1
0.37971,0
0.37971,1
0.37971,1
0.38232,0
0.38232,1
0.38232,1
0.38232,1
0.38232,0
0.38232,1
0.38232,1
0.38232,0
0.38232,0
0.38232,1
0.38232,1
0.38232,0
0.38232,0
0.38232,1
0.38232,0
0.38232,1
0.38232,1
0.38232,1
0.38332,0
0.38332,0
0.38332,0
0.38352,0
0.38352,0
0.38352,0
0.38488,0
0.38488,0
0.38488,0
0.38618,0
0.38618,0
0.38618,1
0.38618,0
0.38618,1
0.38618,1
0.38618,0
0.38618,0
0.38618,0
0.38618,0
0.38618,0
0.38618,1
0.38618,1
0.38634,0
0.38728,0
0.38728,0
0.38728,0
0.38728,1
0.38728,0
0.38728,0
0.38728,0
0.38728,0
0.38728,0
0.38728,0
0.38878,0
0.38878,0
0.38878,0
0.38878,0
0.3892,0
0.3892,0
0.3892,1
0.3892,0
0.3892,0
0.38998,0
0.38998,0
0.39096,0
0.39096,0
0.39157,0
0.39157,0
0.39157,0
0.39157,0
0.39157,1
0.39253,0
0.39294,0
0.39294,0
0.39372,0
0.39372,0
0.39372,0
0.39372,0
0.39486,0
0.39546,0
0.39546,1
0.39621,0
0.39621,0
0.39783,1
0.39783,0
0.39783,0
0.39783,0
0.39815,0
0.39815,0
0.39815,0
0.39815,1
0.39815,0
0.39815,0
0.39858,0
0.39858,1
0.39858,1
0.39858,1
0.39858,1
0.39858,0
0.39858,0
0.40049,1
0.40049,0
0.40049,0
0.40049,0
0.40049,1
0.40049,1
0.40049,1
0.40049,0
0.40049,0
0.40049,1
0.40049,0
0.40049,0
0.40049,0
0.40049,0
0.40049,0
0.40049,1
0.40049,1
0.40049,1
0.40049,0
0.40049,1
0.40049,1
0.40049,1
0.40049,1
0.40049,0
0.40049,0
0.40049,1
0.40049,0
0.40049,0
0.40049,0
0.40049,0
0.40049,0
0.40049,0
0.40049,0
0.40049,0
0.40049,0
0.40049,1
0.40049,0
0.40049,0
0.40049,0
0.40049,1
0.40049,0
0.40049,0
0.40049,0
0.40236,1
0.40236,0
0.40236,0
0.40236,0
0.40236,0
0.40236,0
0.40236,0
0.40236,1
0.40236,0
0.40236,0
0.40236,1
0.40236,0
0.40236,0
0.40236,0
0.40236,0
0.40236,0
0.40236,0
0.40236,1
0.40236,0
0.40236,1
0.40236,0
0.40236,1
0.40236,0
0.40236,0
0.40236,0
0.40296,1
0.40296,1
0.40706,0
0.413,0
0.413,1
0.413,0
0.413,1
0.413,0
0.413,0
0.413,1
0.413,0
0.413,0
0.41314,1
0.41314,0
0.41314,1
0.41404,1
0.41404,0
0.41404,1
0.41404,1
0.41404,0
0.41404,0
0.41404,0
0.41404,0
0.41404,0
0.41404,1
0.41404,1
0.41404,0
0.41404,1
0.41404,0
0.41404,1
0.41404,0
0.41404,0
0.41404,1
0.41404,1
0.41404,0
0.41404,1
0.41443,1
0.41443,0
0.41443,0
0.41443,0
0.41443,1
0.41443,0
0.41445,0
0.41445,0
0.41445,1
0.41445,1
0.41445,0
0.41476,0
0.41476,0
0.41476,0
0.41538,0
0.42033,0
0.42033,1
0.42033,0
0.42033,0
0.42033,0
0.42052,0
0.42052,1
0.42052,1
0.42052,0
0.42052,0
0.42052,0
0.42052,0
0.42089,0
0.42091,1
0.42091,0
0.42091,1
0.42116,1
0.42116,0
0.42116,1
0.42116,0
0.42152,0
0.42219,1
0.42219,0
0.42219,1
0.42219,0
0.42219,1
0.42281,0
0.42281,0
0.42343,0
0.42343,0
0.42539,1
0.42671,0
0.42671,1
0.42683,0
0.42683,0
0.42683,0
0.42683,0
0.42683,0
0.42683,0
0.42683,0
0.42711,0
0.42711,1
0.42711,0
0.42711,0
0.42711,0
0.42711,1
0.42711,0
0.42711,0
0.42711,0
0.42711,1
0.42797,0
0.42797,0
0.42869,1
0.42869,0
0.42869,0
0.42869,0
0.42869,1
0.42892,0
0.42892,0
0.42892,1
0.42892,0
0.42892,0
0.42892,0
0.42913,1
0.42913,0
0.43007,0
0.43007,0
0.43007,0
0.43007,1
0.43007,0
0.43007,0
0.43037,0
0.43037,0
0.43037,0
0.43037,0
0.43087,0
0.43087,1
0.43087,1
0.43087,0
0.43087,1
0.43361,1
0.43361,0
0.43361,0
0.43802,0
0.43802,0
0.4391,0
0.4391,0
0.4391,0
0.4391,0
0.4391,0
0.4391,0
0.4391,0
0.44112,0
0.44112,1
0.44112,1
0.44112,1
0.44112,1
0.44112,0
0.44112,1
0.44112,0
0.44112,1
0.44112,1
0.44195,1
0.44195,1
0.44195,1
0.4427,0
0.4427,0
0.4427,0
0.4427,1
0.4427,1
0.4427,0
0.4427,0
0.4427,0
0.44351,0
0.44351,0
0.44351,0
0.44359,0
0.45175,1
0.45175,1
0.45175,1
0.45175,0
0.4541,0
0.4541,0
0.4541,0
0.4541,0
0.4541,1
0.45449,0
0.45789,0
0.45789,1
0.45789,1
0.4586,0
0.45868,1
0.45868,1
0.4604,1
0.4604,0
0.4604,0
0.4604,1
0.4608,1
0.4608,1
0.4608,0
0.46194,1
0.46194,1
0.46284,1
0.46284,1
0.46284,1
0.46284,1
0.46289,0
0.46289,0
0.46289,0
0.46289,0
0.46289,0
0.46289,0
0.46702,1
0.46702,1
0.46743,0
0.46911,0
0.46911,0
0.46911,1
0.46911,0
0.46911,0
0.46911,0
0.46911,1
0.47174,0
0.47174,1
0.47174,0
0.47174,1
0.47174,0
0.47174,1
0.47174,0
0.47288,0
0.47288,1
0.47288,0
0.47288,1
0.47289,0
0.47289,0
0.47289,0
0.47289,0
0.47314,1
0.47314,0
0.47314,0
0.47314,1
0.47314,1
0.47314,1
0.47314,0
0.47314,1
0.47314,1
0.47314,0
0.47314,1
0.47314,0
0.47314,1
0.47314,1
0.47314,1
0.47314,1
0.47314,0
0.47314,1
0.47314,0
0.47314,1
0.47314,0
0.47314,1
0.47314,1
0.47314,0
0.47314,0
0.47314,1
0.47314,1
0.47314,0
0.47314,0
0.47314,0
0.47314,1
0.47314,1
0.47314,0
0.47314,0
0.47314,1
0.47314,1
0.47314,1
0.47314,0
0.47314,0
0.47314,0
0.47314,1
0.47314,1
0.47314,1
0.47314,1
0.47314,1
0.47314,1
0.47314,0
0.47314,1
0.47314,1
0.47314,1
0.47314,1
0.47314,1
0.47314,0
0.47314,1
0.47314,0
0.47314,1
0.47314,1
0.47314,1
0.47314,1
0.47314,1
0.47314,0
0.47314,1
0.47314,1
0.47314,1
0.47314,0
0.47314,0
0.47314,1
0.47314,0
0.47314,0
0.47314,1
0.47314,1
0.47314,0
0.47314,0
0.47314,0
0.47314,0
0.47314,1
0.47314,0
0.47314,0
0.47314,1
0.47314,0
0.47314,1
0.47314,0
0.47314,1
0.47314,1
0.47314,1
0.47314,1
0.47314,1
0.47314,1
0.47314,1
0.47314,0
0.47314,0
0.47314,0
0.47314,1
0.47314,1
0.47353,1
0.47353,1
0.47353,0
0.47401,0
0.47401,0
0.47401,0
0.47401,0
0.47401,0
0.47479,1
0.47479,1
0.47479,1
0.47523,0
0.47914,1
0.47914,0
0.47914,1
0.47914,0
0.47914,0
0.47926,1
0.47926,1
0.47926,1
0.47926,0
0.47926,1
0.47926,1
0.47945,1
0.47945,1
0.47945,1
0.47945,0
0.47945,0
0.47945,0
0.47945,0
0.48036,1
0.48036,1
0.48036,0
0.484,0
0.48678,1
0.48678,0
0.48678,1
0.48678,0
0.48678,0
0.48678,1
0.48678,1
0.48678,1
0.48678,0
0.48678,1
0.48678,0
0.48678,0
0.48678,1
0.48678,0
0.48678,1
0.48678,0
0.48678,0
0.48678,0
0.48693,1
0.48693,1
0.48693,0
0.48693,1
0.48693,0
0.48693,1
0.48693,0
0.48982,0
0.48982,0
0.48982,1
0.48982,1
0.48982,1
0.48982,1
0.48982,0
0.48982,0
0.49439,1
0.49439,1
0.49652,1
0.49652,0
0.49652,1
0.49652,0
0.49652,0
0.49652,1
0.49652,1
0.49652,0
0.49652,1
0.49652,0
0.49652,0
0.49652,0
0.49652,0
0.49652,1
0.49699,1
0.49699,1
0.49699,1
0.49718,0
0.49718,0
0.49718,0
0.49718,0
0.49811,0
0.49811,1
0.49865,0
0.49865,1
0.49865,0
0.49865,0
0.49865,1
0.49865,0
0.49865,0
0.50001,1
0.50001,0
0.50001,0
0.50001,1
0.50048,1
0.50048,0
0.50048,1
0.50048,1
0.50048,1
0.50048,0
0.50048,1
0.50048,0
0.50048,1
0.50117,1
0.50223,1
0.50223,1
0.50297,1
0.50297,0
0.50297,0
0.50297,0
0.50297,1
0.50304,1
0.50304,0
0.50476,1
0.50476,1
0.50554,0
0.50804,0
0.50804,1
0.50804,1
0.50925,0
0.51088,0
0.51088,0
0.51088,0
0.51105,1
0.51105,0
0.51105,0
0.51105,0
0.51105,1
0.51105,0
0.51105,1
0.51183,0
0.51183,0
0.51183,0
0.51183,0
0.51183,1
0.51183,1
0.51318,1
0.51318,0
0.51734,1
0.51734,1
0.51748,0
0.51748,0
0.51748,1
0.51748,0
0.51748,1
0.51748,0
0.51748,0
0.51748,0
0.51748,1
0.51748,1
0.51748,1
0.51748,0
0.51748,1
0.51748,1
0.51748,1
0.51821,0
0.51821,0
0.51821,0
0.5192,0
0.5192,0
0.52029,1
0.52154,1
0.52154,0
0.52154,1
0.52154,0
0.52154,0
0.52331,0
0.52331,1
0.52572,1
0.52572,0
0.52572,0
0.52572,1
0.52572,0
0.52572,1
0.52572,1
0.52572,1
0.52572,1
0.52589,1
0.52589,1
0.52589,1
0.52589,1
0.52589,1
0.52744,0
0.52744,0
0.52981,1
0.52981,0
0.52981,1
0.52981,1
0.52981,0
0.52981,0
0.52981,0
0.52981,0
0.52981,1
0.52981,0
0.52981,0
0.52981,1
0.52981,1
0.52981,1
0.52981,0
0.52981,1
0.53376,1
0.53376,1
0.53376,0
0.53376,1
0.53376,1
0.53376,1
0.53376,0
0.54045,0
0.54045,0
0.54045,1
0.54045,1
0.54045,0
0.54045,1
0.54248,0
0.54248,1
0.54248,0
0.54248,0
0.54248,1
0.54248,1
0.54248,0
0.54248,1
0.54248,1
0.54248,1
0.54248,1
0.54248,1
0.54248,1
0.54248,0
0.54248,1
0.54248,0
0.54248,0
0.54413,0
0.54561,1
0.54561,1
0.54607,0
0.54607,1
0.54607,0
0.54607,1
0.54607,0
0.54871,1
0.54871,1
0.54871,1
0.54871,1
0.55102,0
0.55102,1
0.55102,1
0.55204,0
0.55204,1
0.55204,0
0.55204,1
0.55204,1
0.55361,0
0.55361,0
0.55361,0
0.55361,0
0.55503,1
0.55503,1
0.55522,1
0.55522,1
0.55522,1
0.55522,1
0.55522,1
0.55567,0
0.55567,0
0.55567,0
0.55567,0
0.55567,0
0.55707,0
0.55707,0
0.55707,1
0.55707,0
0.55707,0
0.55707,1
0.55707,1
0.55896,1
0.55896,0
0.55896,0
0.55896,0
0.55896,0
0.55896,1
0.55896,0
0.55896,1
0.55896,1
0.55896,1
0.55896,1
0.55896,1
0.55896,1
0.55986,1
0.55986,1
0.55986,1
0.55986,1
0.56208,0
0.56208,0
0.56208,1
0.56208,0
0.56208,1
0.56208,0
0.56208,1
0.56208,0
0.56208,1
0.56208,0
0.56208,1
0.56208,1
0.56208,1
0.56208,1
0.56208,0
0.5625,1
0.5625,1
0.5625,0
0.5625,0
0.5625,0
0.5625,0
0.5625,0
0.5625,0
0.5625,0
0.5625,1
0.5625,0
0.5625,0
0.5625,0
0.5625,1
0.56338,0
0.56338,1
0.56338,1
0.56436,1
0.56436,1
0.56436,1
0.56513,1
0.56513,1
0.56513,0
0.56513,1
0.56513,0
0.56513,1
0.56513,0
0.56513,1
0.56513,1
0.56513,1
0.56513,0
0.56513,0
0.56513,1
0.56513,1
0.56513,0
0.56513,0
0.56513,1
0.56566,1
0.56566,0
0.56566,0
0.56566,1
0.56566,0
0.56804,1
0.56804,1
0.56804,1
0.56934,0
0.57079,0
0.57079,0
0.57079,0
0.57079,0
0.57079,0
0.57079,1
0.57179,1
0.57179,1
0.57519,0
0.57519,0
0.57519,1
0.57519,1
0.57519,1
0.57519,0
0.57519,1
0.57519,1
0.57519,1
0.57519,1
0.57519,1
0.57519,1
0.57519,1
0.57519,1
0.57519,1
0.57519,1
0.57519,1
0.57519,1
0.57519,0
0.57519,1
0.57562,1
0.57631,0
0.57631,0
0.57631,0
0.57631,0
0.57631,0
0.57631,0
0.57631,0
0.57751,1
0.57751,1
0.57751,1
0.57751,0
0.57786,1
0.57786,1
0.57901,1
0.57901,1
0.57918,1
0.57918,1
0.57918,1
0.57918,1
0.57918,1
0.5803,1
0.5803,1
0.5803,1
0.58049,1
0.58193,1
0.58193,1
0.58241,0
0.58241,0
0.58241,0
0.58241,0
0.58291,1
0.58291,0
0.58647,0
0.58647,1
0.58647,1
0.58647,1
0.58647,0
0.58647,1
0.58647,0
0.58647,0
0.58647,0
0.58647,0
0.58866,0
0.58866,0
0.59062,1
0.59062,1
0.59062,1
0.59062,1
0.59062,1
0.59062,1
0.59062,1
0.59076,0
0.59076,1
0.59076,0
0.59076,0
0.59076,0
0.59304,1
0.59304,0
0.59636,1
0.59636,1
0.59636,1
0.59688,0
0.59688,1
0.59688,1
0.59688,1
0.59841,1
0.59841,1
0.59841,1
0.59841,1
0.5985,0
0.5985,0
0.5985,0
0.59989,1
0.6006,1
0.6006,1
0.6006,1
0.6026,1
0.6026,0
0.6026,1
0.6026,1
0.6026,1
0.60338,1
0.60338,1
0.60338,1
0.60377,0
0.60377,0
0.60377,0
0.60377,1
0.60377,0
0.60381,0
0.60381,1
0.60767,0
0.60767,0
0.60767,1
0.60767,0
0.60767,1
0.6086,1
0.6086,1
0.6086,0
0.6086,0
0.60923,1
0.60923,0
0.60923,1
0.60923,0
0.60923,1
0.60923,1
0.60923,1
0.60974,1
0.60974,0
0.60974,1
0.60974,1
0.60974,0
0.60974,0
0.61012,1
0.61012,1
0.61012,1
0.61012,1
0.61012,1
0.61012,0
0.61012,1
0.61012,0
0.61012,1
0.61012,1
0.61012,0
0.61012,0
0.61012,1
0.61216,1
0.61216,1
0.61279,1
0.61279,1
0.61429,0
0.61429,0
0.61441,1
0.61623,0
0.61623,1
0.61623,1
0.61623,0
0.61669,1
0.61669,1
0.61669,1
0.61669,1
0.61669,1
0.61669,1
0.61776,0
0.61776,1
0.61776,0
0.61776,1
0.61956,1
0.61956,0
0.61956,0
0.61956,0
0.61956,1
0.61956,1
0.61956,1
0.61956,1
0.61956,0
0.62094,1
0.62094,0
0.62094,0
0.6211,0
0.6211,1
0.62152,0
0.62152,1
0.62152,1
0.62152,1
0.62152,1
0.62152,1
0.62152,1
0.62152,1
0.62152,1
0.62152,1
0.62152,1
0.62152,1
0.62152,1
0.62152,1
0.62152,0
0.62152,1
0.62152,1
0.62152,1
0.62152,1
0.62152,0
0.62152,0
0.62152,1
0.62434,0
0.62434,1
0.62434,1
0.62434,1
0.62843,1
0.62843,1
0.62881,1
0.6293,1
0.6293,0
0.6293,0
0.6293,0
0.6293,1
0.6293,1
0.6293,0
0.6293,1
0.62989,1
0.62989,1
0.62989,1
0.63007,1
0.63007,1
0.63007,1
0.63007,0
0.63007,1
0.63007,1
0.63007,1
0.63007,1
0.63007,1
0.63007,1
0.63007,1
0.63007,1
0.63007,1
0.63007,1
0.63007,1
0.63007,1
0.63007,1
0.63007,1
0.63007,1
0.63007,1
0.63007,1
0.63007,0
0.63007,0
0.63007,0
0.63079,1
0.63079,1
0.63079,1
0.63133,1
0.63133,1
0.63159,0
0.63159,1
0.63159,1
0.63319,1
0.63319,0
0.63319,0
0.63319,1
0.63319,0
0.63319,0
0.63319,0
0.63319,1
0.63319,1
0.63319,1
0.63319,1
0.63319,1
0.63333,1
0.63333,1
0.63333,1
0.63333,1
0.63333,0
0.63333,1
0.63525,1
0.63525,0
0.63669,0
0.63669,0
0.63707,1
0.63781,1
0.63781,1
0.63781,0
0.64105,1
0.64105,1
0.64105,1
0.64105,0
0.64403,1
0.64403,1
0.64403,1
0.64403,1
0.64403,1
0.64547,1
0.64547,0
0.64547,1
0.64547,1
0.64547,1
0.64547,1
0.64547,1
0.64547,0
0.64547,0
0.64547,0
0.64547,1
0.64547,1
0.64547,1
0.64547,1
0.64547,1
0.64547,1
0.64547,1
0.64547,1
0.64547,0
0.64547,1
0.64698,0
0.64698,1
0.64698,0
0.64698,0
0.64698,1
0.64698,1
0.64698,1
0.64698,0
0.64698,1
0.64698,1
0.64698,1
0.64698,1
0.64698,1
0.64698,0
0.64698,1
0.64788,1
0.64788,1
0.64918,0
0.64918,1
0.64977,1
0.64977,1
0.64977,1
0.64977,1
0.64977,1
0.64977,1
0.65228,0
0.65393,1
0.65393,1
0.65645,0
0.65645,0
0.65694,1
0.65694,1
0.65694,1
0.65694,1
0.65694,1
0.65694,1
0.65694,1
0.65694,1
0.65779,1
0.65779,1
0.65779,1
0.65867,0
0.65867,0
0.65867,1
0.65875,0
0.65875,1
0.65875,1
0.65875,1
0.65875,0
0.65875,0
0.65875,0
0.65875,1
0.65956,1
0.65956,1
0.65956,1
0.65956,1
0.66433,0
0.66446,1
0.66446,1
0.66446,1
0.66446,0
0.66656,1
0.66656,1
0.66656,1
0.66875,1
0.66875,1
0.66875,0
0.66995,1
0.66995,1
0.66995,0
0.66995,1
0.66995,1
0.67094,1
0.67143,1
0.67143,1
0.67143,1
0.67143,1
0.67222,1
0.67222,1
0.67258,1
0.67258,1
0.67465,0
0.67469,1
0.67469,1
0.67469,1
0.67559,0
0.67574,1
0.67574,1
0.67574,0
0.67574,1
0.67574,0
0.67574,1
0.67574,0
0.67762,0
0.67762,1
0.67762,1
0.67762,1
0.67762,1
0.67762,1
0.67762,0
0.67762,1
0.67762,0
0.67762,0
0.67913,0
0.67913,0
0.67994,1
0.68067,1
0.68067,1
0.68256,0
0.68487,0
0.68487,0
0.68487,1
0.68487,0
0.68671,0
0.68675,0
0.68675,1
0.68675,1
0.68675,1
0.68675,0
0.68675,1
0.68675,1
0.68675,1
0.68675,1
0.68675,1
0.68675,1
0.68675,0
0.68675,1
0.68872,1
0.68872,1
0.69148,1
0.69148,1
0.69148,1
0.69259,1
0.69259,1
0.69383,1
0.69383,1
0.69383,1
0.69383,1
0.69383,1
0.69383,1
0.69386,1
0.69441,1
0.69441,1
0.69441,1
0.69442,1
0.69442,0
0.69442,0
0.69442,1
0.69442,1
0.69449,1
0.69449,1
0.69449,1
0.69449,1
0.69449,1
0.69449,1
0.69449,1
0.69487,0
0.69487,1
0.69487,0
0.69487,0
0.69487,1
0.69487,0
0.6962,1
0.6962,1
0.6962,1
0.69831,1
0.69831,1
0.69831,1
0.69831,1
0.69831,1
0.69831,1
0.69831,1
0.69831,1
0.69831,0
0.69831,1
0.69831,1
0.69833,1
0.69833,1
0.69866,1
0.69866,1
0.69866,1
0.69866,1
0.7001,1
0.7001,0
0.7001,1
0.7001,1
0.7001,0
0.7001,1
0.70205,1
0.70221,1
0.70221,1
0.70221,0
0.70438,1
0.70438,1
0.70438,1
0.70438,1
0.70505,1
0.70543,0
0.70543,0
0.70547,1
0.70547,1
0.70565,0
0.70565,1
0.70565,1
0.70658,1
0.70658,1
0.70658,1
0.70658,1
0.70658,1
0.70658,1
0.70658,1
0.70658,0
0.70658,1
0.70658,1
0.70658,0
0.70658,0
0.70658,0
0.70658,0
0.70658,1
0.70817,0
0.70817,0
0.70817,1
0.70817,1
0.70817,0
0.70823,1
0.70823,0
0.70823,1
0.70823,0
0.70823,1
0.70823,1
0.70856,1
0.70856,1
0.70856,1
0.70856,1
0.70856,1
0.71135,1
0.71135,1
0.71135,1
0.71249,1
0.71249,1
0.71249,1
0.71249,1
0.71249,1
0.71249,1
0.71249,1
0.71465,1
0.71465,1
0.71465,1
0.71465,1
0.71509,1
0.71509,0
0.71509,1
0.71509,1
0.71518,1
0.7152,1
0.7152,1
0.7152,1
0.7152,1
0.71536,1
0.71536,1
0.71536,1
0.71536,1
0.71536,1
0.71536,1
0.71743,1
0.71743,1
0.71743,1
0.71743,1
0.72018,1
0.72018,1
0.72018,1
0.72047,1
0.72047,1
0.72047,1
0.72047,1
0.72047,1
0.72047,0
0.72084,0
0.72084,1
0.72084,0
0.72084,1
0.72084,1
0.72112,1
0.72112,1
0.72368,0
0.72368,1
0.72368,1
0.72614,1
0.72614,1
0.72614,1
0.72626,1
0.72626,1
0.72626,1
0.72626,1
0.72664,1
0.72664,1
0.72718,0
0.72718,0
0.72718,0
0.72726,1
0.72726,1
0.72726,1
0.72726,1
0.72792,1
0.72792,1
0.72792,1
0.72826,0
0.7294,1
0.7294,1
0.7329,0
0.7329,0
0.7329,1
0.7329,1
0.7329,1
0.7329,1
0.7329,1
0.7329,1
0.7329,1
0.7329,1
0.73358,0
0.73358,1
0.7338,1
0.7338,0
0.73487,1
0.73487,1
0.73487,0
0.73487,0
0.73529,1
0.73529,1
0.73564,0
0.73564,0
0.73609,1
0.73609,1
0.73609,0
0.73769,1
0.73769,0
0.73769,1
0.73832,1
0.73881,0
0.73881,1
0.73881,1
0.73881,1
0.73881,0
0.73941,1
0.73941,1
0.73941,1
0.73941,1
0.74058,1
0.74058,1
0.74058,0
0.74058,0
0.74058,1
0.74103,1
0.74103,1
0.74103,1
0.74103,1
0.7425,1
0.7425,1
0.7425,1
0.74254,1
0.74254,1
0.74339,1
0.74339,1
0.74339,1
0.74367,1
0.74367,1
0.74367,1
0.74367,1
0.74367,1
0.74427,1
0.74427,1
0.74427,1
0.74427,1
0.74427,1
0.74427,1
0.74427,1
0.74427,0
0.74427,1
0.74427,1
0.74674,1
0.74674,0
0.74674,0
0.74674,0
0.74674,0
0.74674,1
0.74674,1
0.74712,0
0.74712,0
0.74712,1
0.74712,1
0.74712,1
0.74712,1
0.74712,0
0.74712,0
0.74712,1
0.74712,1
0.74712,0
0.74803,1
0.74897,0
0.75076,0
0.75135,1
0.75135,1
0.75135,1
0.75135,0
0.75135,1
0.75159,1
0.75159,1
0.75177,1
0.75187,0
0.75187,0
0.75187,0
0.75187,1
0.75187,1
0.75187,1
0.75187,0
0.75253,1
0.75253,0
0.75274,1
0.75274,1
0.75274,1
0.75274,1
0.75278,1
0.75278,1
0.75278,1
0.75278,0
0.75278,1
0.75278,1
0.75278,1
0.75278,1
0.75278,1
0.75327,1
0.75327,1
0.75327,0
0.75327,1
0.75374,1
0.75374,1
0.75374,1
0.75374,0
0.75374,1
0.75421,1
0.75421,0
0.75421,0
0.75574,1
0.75574,1
0.75574,1
0.75574,1
0.75738,1
0.75738,1
0.75991,1
0.75991,1
0.75991,1
0.75991,1
0.75991,1
0.75991,1
0.75991,1
0.75991,1
0.75991,1
0.75991,1
0.75991,1
0.75991,1
0.75991,1
0.75991,0
0.75991,1
0.75991,0
0.75991,1
0.75991,1
0.75991,1
0.75991,1
0.75991,1
0.75991,1
0.75991,1
0.75991,0
0.75991,0
0.75991,1
0.75991,1
0.75991,1
0.76299,1
0.76299,1
0.7634,1
0.7634,1
0.7654,1
0.7654,1
0.7654,1
0.7654,1
0.7654,1
0.7654,1
0.7654,1
0.7654,1
0.7654,1
0.76626,1
0.76626,0
0.76626,1
0.76639,1
0.7677,0
0.76815,1
0.76815,0
0.76815,1
0.76823,1
0.76823,1
0.76823,1
0.7699,1
0.7699,1
0.76991,0
0.77113,1
0.77113,1
0.77113,1
0.77113,1
0.77113,1
0.77113,1
0.77113,1
0.77113,1
0.77131,1
0.77131,1
0.77131,1
0.77131,1
0.77131,1
0.77131,1
0.77131,1
0.77141,1
0.77141,1
0.77185,1
0.77304,1
0.77304,1
0.77304,1
0.77304,1
0.77358,0
0.77358,1
0.77358,1
0.77358,1
0.77358,0
0.77384,0
0.77384,1
0.77384,1
0.77384,1
0.77384,1
0.77384,1
0.77384,1
0.77384,1
0.77384,1
0.77384,1
0.77413,0
0.77413,0
0.77413,1
0.77413,1
0.77413,0
0.77413,1
0.77468,1
0.77468,1
0.77468,1
0.77511,1
0.77511,1
0.77511,1
0.77627,1
0.77627,1
0.77637,1
0.77637,1
0.77637,1
0.77637,1
0.77638,1
0.77638,1
0.77638,1
0.77638,1
0.77682,1
0.77682,1
0.77736,1
0.77802,1
0.77802,1
0.77802,1
0.77833,1
0.77833,1
0.77833,1
0.77833,1
0.77833,1
0.77833,1
0.78193,1
0.78193,1
0.78193,1
0.78263,1
0.78263,1
0.78263,1
0.78263,1
0.78374,0
0.78706,1
0.78706,1
0.78706,1
0.78706,1
0.78706,1
0.78831,1
0.78892,0
0.78892,1
0.78973,1
0.78973,1
0.78973,0
0.78973,1
0.7905,1
0.7905,1
0.7905,1
0.7905,0
0.7905,1
0.7905,1
0.7905,1
0.7905,1
0.7905,1
0.79277,1
0.79277,1
0.79277,1
0.79277,1
0.79277,1
0.79288,1
0.79288,1
0.79288,1
0.79303,1
0.79303,1
0.79539,0
0.79539,1
0.79539,0
0.79539,1
0.79542,1
0.79542,1
0.79542,0
0.79542,1
0.79542,1
0.79643,1
0.79643,1
0.79643,1
0.79644,1
0.79644,1
0.79644,1
0.79644,1
0.79644,1
0.79644,1
0.79644,1
0.79644,1
0.79644,1
0.79644,1
0.79644,1
0.79766,1
0.79859,1
0.79859,1
0.79859,1
0.79859,1
0.79986,1
0.79986,1
0.79991,1
0.79991,1
0.79991,1
0.79991,0
0.79991,1
0.80376,1
0.80376,1
0.80416,0
0.80416,0
0.80641,1
0.80641,1
0.80641,1
0.80796,1
0.80796,1
0.80796,1
0.80796,0
0.80816,1
0.80816,1
0.80816,1
0.80816,1
0.80816,1
0.80816,1
0.80816,1
0.80816,1
0.80816,0
0.80816,1
0.80816,1
0.80816,1
0.80816,0
0.80816,1
0.80816,0
0.80816,0
0.80816,1
0.80816,1
0.80816,0
0.80816,1
0.80816,1
0.80816,1
0.80816,1
0.80816,1
0.80816,1
0.80816,1
0.80816,1
0.80859,1
0.80859,1
0.81191,1
0.81191,1
0.81191,1
0.81191,1
0.81191,1
0.81191,1
0.81204,0
0.81204,1
0.81204,0
0.8124,1
0.8124,1
0.8124,1
0.8124,1
0.81292,1
0.81292,1
0.816,0
0.816,1
0.816,1
0.816,1
0.81683,1
0.81683,1
0.81684,0
0.81684,1
0.81684,1
0.81684,0
0.81684,1
0.81754,1
0.81803,1
0.81803,0
0.81821,1
0.81821,1
0.81821,1
0.82348,1
0.82348,1
0.82348,1
0.82348,1
0.82348,1
0.82348,1
0.82348,1
0.82348,1
0.82412,1
0.82412,1
0.82412,0
0.82412,1
0.82429,1
0.8265,1
0.8265,1
0.8265,1
0.83062,0
0.83062,1
0.84007,1
0.84027,1
0.84027,1
0.84197,1
0.84197,1
0.84197,1
0.84197,1
0.84197,1
0.84199,1
0.84199,1
0.84199,1
0.84199,1
0.842,1
0.842,1
0.842,1
0.842,1
0.842,1
0.842,1
0.84241,1
0.84241,1
0.84241,1
0.84241,1
0.84241,1
0.84241,1
0.84241,1
0.84583,1
0.84583,1
0.84583,1
0.84583,1
0.84583,1
0.84583,1
0.84685,1
0.84685,1
0.84685,1
0.84685,1
0.84816,1
0.84816,1
0.84816,1
0.84854,1
0.84854,1
0.84854,1
0.84854,1
0.84892,1
0.84892,1
0.85028,1
0.85028,1
0.85028,1
0.85028,1
0.85028,1
0.85028,1
0.85028,1
0.85314,1
0.85314,1
0.85328,1
0.85328,1
0.85328,1
0.85328,1
0.85425,1
0.85425,1
0.8545,1
0.8545,1
0.85514,1
0.85514,1
0.85514,1
0.85569,1
0.85569,1
0.85569,1
0.85569,1
0.85569,1
0.85569,1
0.85569,0
0.85569,1
0.85805,1
0.85805,1
0.85805,1
0.8604,1
0.86076,1
0.86076,0
0.86076,1
0.86076,1
0.86076,1
0.86076,0
0.86076,1
0.86076,1
0.86076,1
0.86076,1
0.86076,0
0.86076,1
0.86076,1
0.86076,1
0.86076,1
0.86076,0
0.86076,1
0.86076,1
0.86076,1
0.86076,1
0.86076,1
0.86076,1
0.86076,1
0.86076,1
0.86076,1
0.86076,1
0.86076,1
0.86076,0
0.86076,1
0.86076,1
0.86076,1
0.86076,0
0.86076,1
0.86076,0
0.86076,0
0.86076,1
0.86076,1
0.86076,1
0.86076,1
0.86076,1
0.86076,1
0.86076,1
0.86076,1
0.86076,1
0.86076,0
0.86076,1
0.86076,1
0.86076,1
0.86076,1
0.86076,0
0.86076,1
0.86076,1
0.86076,1
0.86076,1
0.86076,1
0.86076,1
0.86076,1
0.86076,1
0.86076,1
0.86076,1
0.86076,1
0.86076,1
0.86076,1
0.86076,1
0.86076,1
0.86076,1
0.86076,0
0.86076,1
0.86076,1
0.86076,1
0.86076,1
0.86076,1
0.86076,1
0.86076,1
0.86076,1
0.86076,1
0.86076,1
0.86076,1
0.86076,1
0.86079,1
0.86146,1
0.86146,1
0.86146,1
0.86146,1
0.86744,1
0.86744,1
0.86744,1
0.86744,1
0.86744,1
0.86744,1
0.86771,1
0.86771,1
0.86771,1
0.86771,1
0.87481,1
0.87481,1
0.88566,1
0.88566,1
0.88573,0
0.88573,1
0.88573,1
0.88573,1
0.88573,0
0.88658,1
0.88658,1
0.88778,1
0.88778,1
0.88778,1
0.88778,1
0.88778,1
0.88778,1
0.89081,1
0.89081,1
0.89081,1
0.89081,1
0.89692,1
0.90682,1
0.90682,1
0.90806,1
0.90806,1
0.91554,1
0.91554,1
0.91554,1
0.91554,1
0.91787,1
0.91787,1
0.91787,1
0.91787,1
0.91787,1
0.91885,1
0.91885,1
0.91885,1
0.91885,1
0.91885,1
0.91885,1
0.91885,1
0.91963,1
0.91963,1
0.91963,1
0.91963,1
0.92237,1
0.92237,1
0.92237,1
0.92494,1
0.92494,1
0.92494,1
0.92494,1
0.92567,1
0.92567,1
0.92628,1
0.92628,1
0.92628,0
0.92628,1
0.92628,1
0.92628,1
0.92628,1
0.92628,1
0.92628,1
0.9264,1
0.93186,1
0.93186,1
0.93186,1
0.93186,1
0.93809,1
0.94339,1
0.94339,1
0.94339,1
0.94395,1
0.94446,1
0.94446,1
0.94446,1
0.94446,1
0.94446,1
0.94451,1
0.94451,1
0.94451,1
0.94451,1
0.94803,1
0.94803,1
0.94803,1
0.94803,1
0.94803,1
0.94991,1
0.94991,1
0.95556,0
0.95556,1
0.95556,1
0.95556,1
0.95556,1
0.95556,1
0.95556,1
0.95556,1
0.95556,1
0.95556,1
0.95556,1
0.95556,1
0.95556,1
0.95556,0
0.95556,1
0.95556,1
0.95556,1
0.95556,1
0.95556,1
0.95556,1
0.95556,1
0.95556,1
0.95556,1
0.95556,1
0.95556,1
0.95556,1
0.95556,1
0.95556,1
0.95556,1
0.95556,1
0.95556,1
0.95556,1
0.95556,1
0.95556,1
0.95556,1
0.95556,1
0.95556,1
0.95556,1
0.95556,1
0.95556,1
0.95556,1
0.95556,1
0.95556,1
0.95556,1
0.95556,1
0.95986,1
0.95986,1
0.96082,1
0.96082,1
0.96082,1
0.96082,1
0.96082,1
0.96082,1
0.96153,1
0.96153,1
0.96153,1
0.96153,1
0.96153,1
0.96948,1
0.96948,1
0.96948,1
0.96948,1
0.96948,1
0.96948,1
0.97094,1
0.97094,1
0.97094,1
0.98309,1
