0.011977,0
0.018481,0
0.026493,0
0.02698,0
0.036472,0
0.041292,0
0.046027,0
0.04879,0
0.049162,0
0.051471,0
0.065977,0
0.0666,0
0.067086,0
0.067086,0
0.067086,0
0.069532,0
0.07213,0
0.07213,0
0.072388,0
0.079089,0
0.079089,0
0.082211,0
0.082211,0
0.082211,0
0.087444,0
0.087444,0
0.087444,0
0.087444,0
0.087444,0
0.089551,0
0.090941,0
0.092356,0
0.093476,0
0.096008,0
0.10135,0
0.10147,0
0.10256,0
0.10501,0
0.10688,0
0.11187,0
0.11677,0
0.11677,0
0.11677,0
0.11829,0
0.11829,0
0.12076,0
0.12206,0
0.12206,0
0.12206,0
0.12206,0
0.12206,0
0.12365,0
0.12365,0
0.12365,0
0.12897,0
0.13244,0
0.13244,0
0.13244,0
0.13576,0
0.13693,0
0.14031,0
0.14311,0
0.14311,0
0.14388,0
0.14458,0
0.14458,0
0.14458,0
0.14514,0
0.14514,0
0.14514,0
0.14514,0
0.14724,0
0.1493,0
0.1493,0
0.1493,0
0.1493,0
0.1493,0
0.1493,0
0.14985,0
0.14985,0
0.14985,0
0.14985,0
0.15164,0
0.15444,0
0.15444,0
0.15444,0
0.15444,0
0.15444,0
0.15576,0
0.15816,0
0.15923,0
0.16046,0
0.16046,0
0.16994,0
0.16994,1
0.17716,0
0.17716,0
0.17716,0
0.17758,0
0.17793,0
0.18209,0
0.18209,0
0.18209,0
0.18273,0
0.18331,1
0.18376,0
0.18376,0
0.18376,0
0.18635,0
0.18635,0
0.18635,0
0.18635,0
0.18635,0
0.18635,0
0.18635,0
0.18635,0
0.18635,0
0.1887,0
0.18929,0
0.18929,0
0.18946,0
0.19271,0
0.19271,0
0.19271,0
0.19271,0
0.19634,1
0.19634,0
0.19634,0
0.19634,0
0.19634,0
0.19634,0
0.19634,0
0.19634,1
0.19634,0
0.19634,0
0.19653,0
0.19653,0
0.1968,0
0.1974,0
0.19775,0
0.19871,0
0.19871,0
0.19871,0
0.19871,0
0.19871,0
0.19871,0
0.20048,1
0.20048,1
0.20086,0
0.20347,1
0.20347,0
0.20347,0
0.20422,0
0.20626,0
0.20626,0
0.2068,0
0.20768,0
0.20804,0
0.21009,1
0.21263,0
0.21755,1
0.21755,0
0.21755,0
0.21755,0
0.21755,1
0.21755,0
0.21958,0
0.21976,0
0.21976,0
0.2208,0
0.2208,0
0.2208,0
0.22455,0
0.22863,0
0.22863,1
0.2315,0
0.2315,0
0.23422,0
0.23486,0
0.23486,0
0.23486,0
0.23486,0
0.23486,0
0.23486,0
0.23732,0
0.24073,0
0.24073,0
0.24073,0
0.24135,0
0.24138,0
0.24138,0
0.24161,0
0.24161,0
0.24161,0
0.24161,0
0.24161,0
0.24161,0
0.24161,0
0.24161,0
0.24316,0
0.24327,0
0.24327,0
0.24327,0
0.24344,0
0.24406,0
0.24406,0
0.24492,0
0.24492,0
0.24492,0
0.24492,0
0.24492,0
0.2486,0
0.2486,0
0.25229,0
0.25245,0
0.25751,1
0.25917,0
0.25917,0
0.25984,0
0.25997,0
0.26093,0
0.26093,0
0.26456,0
0.26456,0
0.26476,1
0.26718,0
0.26922,0
0.26935,0
0.26935,0
0.27039,0
0.27039,0
0.27055,0
0.271,0
0.27181,1
0.27319,0
0.27319,0
0.27319,0
0.27319,0
0.27319,0
0.27319,0
0.27319,0
0.27319,0
0.27319,0
0.27319,0
0.27319,1
0.27319,0
0.27319,0
0.27319,0
0.27319,0
0.27319,0
0.27319,0
0.27319,0
0.27319,0
0.27319,0
0.27319,0
0.27319,1
0.27319,0
0.276,0
0.276,0
0.276,0
0.276,0
0.276,1
0.276,0
0.276,0
0.276,0
0.276,0
0.276,0
0.276,0
0.276,0
0.276,0
0.276,1
0.276,1
0.276,0
0.276,1
0.276,1
0.276,0
0.276,0
0.276,0
0.276,0
0.276,0
0.276,0
0.276,0
0.276,0
0.276,0
0.276,1
0.276,1
0.276,0
0.276,0
0.276,0
0.276,1
0.276,0
0.276,0
0.276,0
0.276,0
0.276,0
0.276,0
0.276,1
0.276,0
0.276,1
0.276,1
0.276,0
0.276,0
0.276,0
0.276,1
0.276,0
0.276,0
0.276,0
0.276,0
0.276,1
0.276,1
0.276,0
0.276,0
0.276,1
0.276,0
0.276,0
0.276,1
0.276,0
0.276,0
0.276,1
0.276,0
0.276,1
0.276,1
0.276,0
0.276,0
0.276,0
0.276,0
0.276,0
0.276,0
0.276,0
0.276,0
0.276,0
0.276,1
0.276,0
0.276,0
0.276,1
0.276,0
0.276,0
0.276,1
0.276,0
0.276,0
0.276,0
0.276,0
0.276,0
0.276,0
0.276,0
0.276,0
0.276,0
0.276,0
0.276,0
0.276,0
0.276,0
0.276,1
0.276,0
0.276,0
0.276,1
0.276,0
0.276,0
0.276,0
0.276,0
0.276,1
0.276,0
0.276,0
0.276,0
0.276,0
0.276,0
0.276,0
0.276,0
0.276,0
0.276,1
0.276,1
0.276,1
0.276,1
0.276,0
0.276,0
0.276,0
0.276,1
0.276,0
0.276,0
0.276,1
0.276,1
0.276,0
0.276,0
0.276,0
0.276,0
0.276,1
0.276,0
0.276,0
0.276,0
0.276,1
0.276,0
0.276,0
0.276,0
0.276,1
0.276,1
0.276,1
0.276,1
0.276,0
0.276,0
0.276,0
0.276,0
0.276,0
0.276,0
0.276,1
0.276,0
0.276,0
0.276,1
0.276,0
0.276,0
0.276,0
0.276,1
0.276,0
0.276,0
0.276,0
0.276,1
0.276,0
0.276,1
0.276,0
0.276,0
0.276,0
0.276,1
0.276,0
0.276,0
0.276,0
0.276,0
0.276,1
0.276,0
0.276,0
0.276,0
0.276,0
0.276,0
0.276,0
0.276,1
0.276,1
0.276,1
0.276,0
0.276,0
0.276,0
0.276,0
0.276,0
0.276,1
0.276,1
0.276,0
0.276,1
0.276,0
0.276,0
0.276,0
0.276,1
0.276,1
0.276,0
0.276,1
0.276,0
0.276,0
0.276,1
0.276,1
0.276,0
0.276,0
0.276,0
0.276,0
0.276,1
0.276,0
0.276,1
0.276,1
0.276,0
0.276,0
0.276,0
0.276,0
0.276,0
0.276,0
0.276,0
0.276,0
0.276,1
0.276,0
0.276,0
0.276,0
0.276,0
0.276,1
0.276,1
0.276,0
0.276,0
0.276,0
0.276,0
0.276,0
0.276,0
0.276,0
0.276,1
0.276,0
0.276,0
0.276,1
0.276,0
0.276,1
0.276,0
0.276,0
0.276,1
0.276,1
0.276,0
0.276,0
0.276,1
0.276,0
0.276,0
0.276,1
0.276,0
0.276,0
0.276,0
0.276,0
0.276,0
0.276,0
0.276,0
0.27692,0
0.27781,0
0.27781,0
0.27841,0
0.27948,0
0.27948,0
0.27963,1
0.27963,0
0.28063,0
0.28268,0
0.28268,0
0.28379,0
0.28379,1
0.28387,0
0.28618,0
0.28618,0
0.28618,0
0.28737,0
0.28737,0
0.28746,0
0.28746,0
0.28828,0
0.28828,0
0.28884,0
0.2893,0
0.2893,0
0.2893,0
0.2893,0
0.2893,0
0.2893,0
0.2893,0
0.2893,0
0.2893,0
0.2893,0
0.2893,0
0.2893,1
0.28965,0
0.28965,0
0.28965,0
0.28965,0
0.28965,0
0.28965,0
0.29054,0
0.29054,1
0.29054,1
0.29054,0
0.29257,0
0.29257,0
0.29257,0
0.29257,0
0.29257,0
0.29257,0
0.29257,0
0.29368,0
0.29368,0
0.29513,0
0.29513,1
0.29513,0
0.29513,0
0.29513,0
0.29513,0
0.29752,0
0.29752,0
0.29752,0
0.29752,0
0.29778,0
0.29778,0
0.29778,0
0.29778,0
0.29778,0
0.29778,0
0.29778,0
0.29778,0
0.29778,0
0.29778,0
0.29778,0
0.29778,1
0.29778,1
0.29778,0
0.29778,1
0.29778,0
0.29886,1
0.29888,0
0.30123,0
0.30123,0
0.30318,1
0.30375,0
0.30447,0
0.30537,0
0.30537,1
0.30606,0
0.30628,0
0.30673,0
0.30739,1
0.30739,0
0.30739,1
0.30739,1
0.30739,0
0.30739,0
0.3098,0
0.3098,0
0.31069,0
0.31069,0
0.31069,0
0.31069,1
0.31069,0
0.31069,1
0.31103,0
0.31103,0
0.31103,0
0.31103,0
0.31103,0
0.31103,0
0.31103,1
0.31103,0
0.31103,0
0.31103,1
0.31345,0
0.31417,1
0.31417,0
0.31417,0
0.31417,0
0.31507,0
0.31507,0
0.3171,1
0.31897,0
0.31897,0
0.31897,0
0.3199,1
0.32192,0
0.32192,0
0.32192,0
0.32192,0
0.32513,0
0.32513,0
0.32513,0
0.32513,1
0.32513,1
0.32513,0
0.32513,0
0.32513,0
0.32556,0
0.32556,0
0.32556,0
0.32556,1
0.32556,0
0.32556,0
0.32556,1
0.32556,0
0.32556,1
0.32556,0
0.32556,0
0.32556,0
0.32556,0
0.32556,0
0.32556,0
0.32556,0
0.32556,0
0.32556,0
0.32556,1
0.32556,0
0.32556,0
0.32556,0
0.32556,0
0.32556,0
0.32556,0
0.32556,1
0.32605,0
0.32605,1
0.32605,1
0.33001,0
0.33151,0
0.33378,1
0.33378,1
0.33678,0
0.33678,0
0.33678,0
0.33678,0
0.33678,0
0.33693,1
0.33693,0
0.33693,0
0.33693,0
0.33693,0
0.33693,0
0.33693,0
0.33693,1
0.33693,0
0.33693,0
0.33693,1
0.33693,0
0.33693,0
0.33693,0
0.33693,0
0.33693,0
0.33693,0
0.33693,1
0.33693,0
0.33693,0
0.33693,0
0.33693,1
0.33693,0
0.33693,0
0.33693,0
0.33693,0
0.33693,0
0.33693,0
0.33693,0
0.33693,0
0.33693,0
0.33693,0
0.33693,1
0.33693,0
0.33923,0
0.33923,1
0.33923,0
0.33923,1
0.33923,0
0.33923,0
0.33923,1
0.33923,0
0.33924,0
0.3394,0
0.34488,0
0.34561,1
0.34586,0
0.34586,0
0.34586,0
0.34586,0
0.34586,0
0.34643,0
0.34643,1
0.34643,1
0.34815,1
0.34815,0
0.34831,0
0.34831,0
0.3527,1
0.35394,0
0.35489,1
0.35489,1
0.35696,0
0.35696,1
0.35916,0
0.36091,0
0.36091,0
0.36091,0
0.36091,0
0.36444,1
0.3651,0
0.36841,0
0.36841,0
0.36909,0
0.36948,1
0.36948,1
0.36948,0
0.36948,1
0.36948,0
0.36948,0
0.36948,0
0.36948,1
0.36948,0
0.36948,1
0.36948,1
0.36948,0
0.36948,0
0.36948,0
0.36948,0
0.36948,0
0.36948,0
0.36948,0
0.36948,0
0.36948,0
0.36948,0
0.36948,1
0.36948,0
0.36948,1
0.36948,1
0.36948,1
0.36948,0
0.36948,0
0.36948,0
0.36948,0
0.36948,1
0.36948,0
0.36948,0
0.36948,0
0.36948,1
0.36948,0
0.36948,0
0.36948,1
0.36948,1
0.36948,0
0.36948,1
0.36948,1
0.36948,1
0.36948,0
0.36948,0
0.36948,0
0.36948,1
0.36948,1
0.36948,0
0.36948,1
0.36948,0
0.36948,0
0.36948,0
0.36948,1
0.36948,1
0.36948,0
0.36948,0
0.36948,0
0.36948,1
0.36948,1
0.36948,0
0.36948,0
0.36948,1
0.36948,1
0.36948,0
0.36948,0
0.36948,1
0.36948,0
0.36948,0
0.36948,0
0.36948,0
0.36948,0
0.36948,0
0.36948,0
0.36948,0
0.36948,0
0.36948,0
0.36948,0
0.36948,0
0.36948,0
0.36948,1
0.36948,0
0.36948,1
0.36948,0
0.36948,0
0.36948,0
0.36948,0
0.36948,0
0.36948,0
0.36948,0
0.36948,0
0.36948,1
0.36948,0
0.36948,0
0.36948,0
0.36948,0
0.36948,1
0.36948,0
0.36948,1
0.36948,0
0.36948,0
0.36948,0
0.36948,0
0.36948,0
0.36948,1
0.36948,1
0.36948,0
0.36948,1
0.36948,1
0.36948,0
0.36948,0
0.36948,0
0.36948,1
0.36948,0
0.36948,1
0.36948,1
0.36948,1
0.36948,1
0.36948,0
0.36948,1
0.36948,0
0.36948,1
0.36948,0
0.36948,0
0.36948,1
0.36948,0
0.36948,0
0.36948,1
0.36948,0
0.36948,0
0.36948,1
0.36948,1
0.36948,0
0.36948,0
0.36948,0
0.36948,0
0.36948,0
0.36948,0
0.36948,0
0.36948,1
0.36948,0
0.36948,0
0.36948,1
0.36948,1
0.36948,1
0.36948,0
0.36948,0
0.36948,0
0.36948,0
0.36948,0
0.36948,0
0.36948,1
0.36948,0
0.36948,0
0.36948,0
0.36948,1
0.36948,0
0.36948,0
0.36948,0
0.36948,0
0.36948,0
0.36948,1
0.36948,1
0.36948,0
0.36948,1
0.36948,0
0.36948,0
0.36948,0
0.36948,0
0.36948,0
0.36948,1
0.36948,0
0.36948,0
0.36948,0
0.36948,0
0.36948,0
0.36948,0
0.36948,1
0.36948,1
0.36948,1
0.36948,1
0.36948,1
0.36948,1
0.36948,1
0.36948,0
0.36948,0
0.36948,0
0.36948,0
0.36948,0
0.36948,1
0.36948,0
0.36948,0
0.36948,0
0.36948,0
0.36948,0
0.36948,0
0.36948,0
0.36948,1
0.36948,0
0.36948,0
0.36948,0
0.36948,1
0.36948,1
0.36948,0
0.36948,1
0.36948,0
0.36948,1
0.36948,1
0.36948,1
0.36948,0
0.36948,0
0.36948,0
0.36948,0
0.36948,0
0.36948,1
0.36948,0
0.36948,1
0.36948,0
0.36948,0
0.36948,0
0.36948,1
0.36948,1
0.36948,1
0.36948,1
0.36948,0
0.36948,1
0.36948,0
0.36948,1
0.36948,1
0.36948,0
0.36948,1
0.36948,0
0.36948,0
0.36948,0
0.36948,1
0.36948,1
0.36948,0
0.36948,1
0.36948,0
0.36948,1
0.36948,0
0.36948,1
0.36948,1
0.36948,0
0.36948,1
0.36948,0
0.36948,1
0.36948,1
0.36948,1
0.37035,0
0.3706,0
0.3706,0
0.3706,1
0.3706,1
0.3706,0
0.3706,1
0.3706,0
0.3706,0
0.3706,0
0.3716,1
0.3716,1
0.3716,0
0.3716,0
0.3716,0
0.3716,0
0.3716,0
0.3716,1
0.3716,0
0.37327,0
0.37327,0
0.37327,1
0.37327,1
0.37327,1
0.37327,0
0.37327,0
0.37327,1
0.37327,0
0.37327,1
0.37327,1
0.37327,0
0.37327,0
0.37327,0
0.37327,0
0.37327,0
0.37327,0
0.37327,0
0.37327,0
0.37327,0
0.37327,0
0.37327,0
0.37327,0
0.37327,0
0.37327,0
0.37327,0
0.37327,0
0.37327,0
0.37327,1
0.37327,1
0.37327,0
0.37327,0
0.37327,0
0.37327,0
0.37327,1
0.37327,0
0.37327,0
0.37327,0
0.37327,0
0.37327,1
0.37327,0
0.37327,0
0.37327,0
0.37327,0
0.37327,0
0.37327,0
0.37327,0
0.37327,0
0.37327,0
0.37327,0
0.37327,0
0.37327,0
0.37327,1
0.37327,0
0.37327,1
0.37327,1
0.37327,0
0.37327,0
0.37327,0
0.37327,1
0.37327,1
0.37327,1
0.37327,1
0.37327,1
0.37327,0
0.37327,0
0.37327,0
0.37327,0
0.37327,0
0.37431,0
0.37614,0
0.3778,0
0.3778,0
0.37904,0
0.37904,0
0.37904,1
0.37904,0
0.37904,0
0.37904,0
0.37904,0
0.37904,0
0.37904,0
0.37904,1
0.37904,0
0.37904,0
0.37904,1
0.37904,1
0.37904,0
0.37904,0
0.37904,0
0.37904,1
0.37904,1
0.37904,0
0.37904,1
0.37904,0
0.37904,0
0.37904,1
0.37904,0
0.37904,0
0.37904,0
0.37904,0
0.37904,1
0.37904,0
0.37904,0
0.37904,0
0.37904,1
0.37904,0
0.37904,0
0.37904,1
0.37904,0
0.37904,1
0.37904,1
0.37904,1
0.37904,1
0.37904,1
0.37904,1
0.37904,1
0.37904,1
0.37904,0
0.37904,0
0.37904,0
0.37904,0
0.37904,0
0.37904,0
0.37904,1
0.37904,0
0.37904,0
0.37904,0
0.37904,0
0.37904,1
0.37904,1
0.37904,1
0.37904,0
0.37904,1
0.37904,1
0.37904,0
0.37904,0
0.37904,0
0.37904,0
0.38271,1
0.38271,0
0.38271,1
0.38307,0
0.3833,1
0.38382,0
0.38529,0
0.38529,1
0.38529,1
0.38529,1
0.38529,0
0.38529,0
0.38529,0
0.38529,0
0.38653,0
0.38745,0
0.38745,0
0.38745,0
0.38745,0
0.38745,0
0.38774,0
0.38847,0
0.38847,1
0.38847,0
0.38847,1
0.38885,0
0.39005,0
0.3903,1
0.39112,0
0.39112,0
0.39112,0
0.39112,0
0.39112,1
0.39112,0
0.39112,1
0.39112,1
0.39112,1
0.39112,0
0.39112,1
0.39112,1
0.39112,0
0.39112,1
0.39112,1
0.39153,0
0.39183,1
0.39183,1
0.39394,1
0.39394,0
0.39577,0
0.39577,0
0.3961,0
0.3961,1
0.39722,0
0.39866,0
0.3993,1
0.3993,0
0.3993,0
0.3993,0
0.3993,0
0.3993,0
0.3993,1
0.3993,1
0.3993,0
0.3993,1
0.3993,0
0.3993,1
0.3993,1
0.3993,0
0.3993,1
0.3993,1
0.3993,0
0.3993,1
0.3993,0
0.3993,0
0.3993,0
0.3993,0
0.3993,0
0.3993,0
0.3993,1
0.3993,0
0.3993,1
0.3993,0
0.3993,0
0.3993,0
0.3993,1
0.3993,0
0.3993,0
0.3993,0
0.3993,1
0.3993,0
0.3993,1
0.3993,1
0.39948,0
0.39979,1
0.39988,0
0.39988,0
0.39988,1
0.39988,1
0.39988,0
0.40142,0
0.40334,1
0.40334,1
0.40334,1
0.40334,1
0.40424,1
0.40424,0
0.40424,0
0.40573,0
0.40632,1
0.40721,0
0.40721,0
0.40721,0
0.40721,0
0.40721,0
0.40721,1
0.40721,1
0.40721,1
0.40721,1
0.40721,1
0.40721,1
0.40721,1
0.40721,1
0.40721,1
0.40721,1
0.40721,1
0.40721,1
0.40721,1
0.40721,0
0.40721,0
0.40721,1
0.40721,1
0.40721,1
0.40721,1
0.40721,1
0.40721,0
0.40721,1
0.40721,0
0.40721,1
0.40721,1
0.40721,0
0.40721,1
0.40721,0
0.40721,0
0.40721,0
0.40721,0
0.40721,1
0.40721,1
0.40731,0
0.40731,0
0.40731,0
0.40838,0
0.40838,0
0.40838,1
0.40838,1
0.40838,1
0.41363,0
0.41363,0
0.41363,1
0.41363,0
0.41363,0
0.41363,0
0.41363,0
0.41363,1
0.41363,0
0.41363,0
0.41363,1
0.41363,0
0.41363,0
0.41363,0
0.41363,0
0.41363,0
0.41363,0
0.41363,0
0.41363,1
0.41363,0
0.41363,1
0.41363,0
0.41363,0
0.41363,0
0.41363,0
0.41363,0
0.41363,0
0.41363,1
0.41363,1
0.41363,0
0.41363,0
0.41363,0
0.41363,0
0.41363,0
0.41363,0
0.41363,1
0.41363,1
0.41363,0
0.41363,0
0.41363,0
0.41363,0
0.41363,1
0.41363,0
0.41363,0
0.41363,0
0.41363,1
0.41694,0
0.4175,0
0.41769,0
0.41801,0
0.41874,1
0.41961,1
0.41983,1
0.41983,1
0.42123,0
0.42123,0
0.42129,0
0.42158,1
0.42158,0
0.42158,0
0.42158,0
0.42158,1
0.42158,0
0.42158,1
0.42158,0
0.42158,0
0.42158,1
0.42158,0
0.42158,0
0.42158,0
0.42158,0
0.42158,0
0.42243,1
0.4236,1
0.42663,1
0.42663,1
0.42663,1
0.42663,1
0.42755,0
0.42755,0
0.42755,1
0.4286,1
0.4286,1
0.43106,1
0.43106,0
0.43106,0
0.43106,1
0.43528,0
0.43528,0
0.43528,1
0.43528,0
0.43528,0
0.43528,1
0.43528,0
0.43528,0
0.43528,0
0.43528,0
0.43528,1
0.43528,1
0.43528,0
0.43528,1
0.43528,0
0.43933,1
0.43933,1
0.43933,1
0.43933,1
0.43933,1
0.43933,0
0.43933,1
0.43933,0
0.43933,0
0.43933,1
0.43933,0
0.43933,1
0.43933,0
0.43933,1
0.43933,0
0.43933,0
0.43933,1
0.43933,0
0.43933,0
0.43933,0
0.43933,0
0.43933,0
0.43933,1
0.43933,1
0.43933,1
0.43933,1
0.43933,0
0.43933,1
0.43933,0
0.43933,1
0.43933,0
0.43933,0
0.43933,0
0.43933,0
0.43933,1
0.43933,0
0.43933,0
0.43933,1
0.43933,1
0.43933,1
0.43933,0
0.43933,1
0.43933,1
0.43934,0
0.43934,1
0.43934,0
0.43934,1
0.43934,0
0.43934,1
0.44304,0
0.44304,0
0.44304,0
0.44304,1
0.44304,0
0.44304,0
0.44304,0
0.44304,0
0.44304,0
0.44304,0
0.44304,0
0.44304,0
0.44304,0
0.44304,0
0.44304,0
0.44304,0
0.44304,0
0.44304,1
0.44304,1
0.44304,1
0.44304,0
0.44304,0
0.44304,1
0.44304,0
0.44304,1
0.44304,1
0.44304,0
0.44304,1
0.44304,1
0.44304,0
0.44304,0
0.44304,0
0.44304,0
0.44304,0
0.44304,0
0.44304,0
0.44304,0
0.44304,0
0.44304,0
0.44304,1
0.44304,0
0.44304,1
0.44304,0
0.44304,0
0.44304,0
0.44304,1
0.44304,0
0.44304,1
0.44304,1
0.44304,1
0.44304,1
0.44304,1
0.44304,0
0.44304,1
0.44304,0
0.44304,1
0.44304,0
0.44304,1
0.44304,0
0.44304,1
0.44304,0
0.44304,0
0.44304,0
0.44304,0
0.44304,0
0.44304,0
0.44304,1
0.44304,0
0.44304,0
0.44304,1
0.44304,0
0.44304,1
0.44304,0
0.44304,1
0.44304,1
0.44304,1
0.44304,1
0.44304,0
0.44304,0
0.44304,0
0.44304,0
0.44304,1
0.44304,1
0.44304,1
0.44304,1
0.44304,0
0.44304,1
0.44304,1
0.44304,1
0.44304,1
0.44304,1
0.44304,1
0.44304,1
0.44304,1
0.44304,0
0.44304,1
0.44304,1
0.44304,1
0.44304,1
0.44304,0
0.44304,0
0.44304,1
0.44304,1
0.44304,1
0.44304,0
0.44304,0
0.44304,1
0.44304,0
0.44304,0
0.44304,1
0.44304,1
0.44304,0
0.44304,0
0.44304,1
0.44304,0
0.44304,0
0.44304,1
0.44304,0
0.44304,0
0.44304,1
0.44304,0
0.44304,0
0.44304,0
0.44304,0
0.44304,1
0.44304,0
0.44304,1
0.44304,1
0.44304,0
0.44304,1
0.44304,0
0.44304,1
0.44304,1
0.44304,1
0.44304,0
0.44304,0
0.44304,0
0.44304,0
0.44304,0
0.44304,1
0.44304,0
0.44304,1
0.44304,0
0.44304,1
0.44304,0
0.44304,1
0.44304,0
0.44304,0
0.44304,0
0.44304,1
0.44304,1
0.44304,1
0.44304,1
0.44304,0
0.44304,0
0.44304,1
0.44304,0
0.44304,1
0.44398,0
0.44398,0
0.44398,1
0.44398,1
0.44398,1
0.44398,1
0.44398,0
0.44398,0
0.44398,1
0.44398,0
0.44398,1
0.44604,0
0.44648,1
0.44711,0
0.45001,0
0.45001,0
0.45001,0
0.45043,0
0.45043,1
0.45089,0
0.45124,0
0.45124,1
0.45124,0
0.45124,1
0.45124,1
0.45124,0
0.45384,1
0.45479,1
0.45479,1
0.45523,0
0.45664,1
0.45711,1
0.45711,0
0.46076,0
0.46076,0
0.46281,1
0.46441,0
0.46441,1
0.46769,1
0.46805,0
0.46812,1
0.46981,0
0.46994,0
0.46994,1
0.47051,1
0.47051,0
0.47073,1
0.47073,1
0.47073,1
0.4734,1
0.4734,1
0.4734,0
0.4734,1
0.47449,1
0.47548,1
0.47832,0
0.47832,0
0.47832,0
0.47832,1
0.47866,0
0.48019,0
0.48038,1
0.48038,1
0.48038,1
0.48055,1
0.48055,1
0.48055,0
0.48055,0
0.48055,1
0.48063,0
0.48151,1
0.48261,1
0.48261,1
0.48261,0
0.48261,0
0.48261,1
0.48261,0
0.48261,0
0.48261,0
0.4836,1
0.4836,1
0.48492,0
0.486,1
0.48714,1
0.48714,0
0.48943,1
0.48943,0
0.49031,1
0.49031,0
0.49089,1
0.49089,0
0.49089,0
0.49089,1
0.49089,0
0.49089,1
0.49089,0
0.49089,1
0.49089,0
0.49089,1
0.49089,1
0.49089,0
0.49116,0
0.49116,0
0.49143,1
0.4916,0
0.4916,0
0.4916,0
0.4916,0
0.4916,0
0.49197,0
0.49197,0
0.49197,1
0.49208,0
0.49208,1
0.49208,0
0.49423,1
0.49423,1
0.49423,1
0.49468,0
0.49557,0
0.49596,0
0.49596,0
0.49596,0
0.49596,0
0.49663,1
0.49698,0
0.49843,1
0.49951,0
0.50026,0
0.50026,0
0.50026,1
0.50026,1
0.50026,0
0.50026,1
0.50026,1
0.50026,0
0.50026,1
0.50026,0
0.50026,1
0.50026,1
0.50037,1
0.50037,0
0.50037,0
0.50095,0
0.50369,1
0.50405,0
0.50497,0
0.50528,1
0.50786,0
0.50786,0
0.50786,0
0.50786,0
0.50786,1
0.50879,0
0.50879,1
0.50978,0
0.50978,0
0.50978,0
0.50987,1
0.51174,0
0.51174,0
0.51174,0
0.51174,0
0.51174,0
0.51252,1
0.51263,0
0.51362,0
0.51376,0
0.51384,0
0.51384,0
0.51384,1
0.51384,1
0.5149,0
0.51497,1
0.51498,0
0.51507,0
0.51507,0
0.51658,1
0.51666,0
0.51767,0
0.51767,0
0.51767,1
0.51767,0
0.51767,0
0.51767,1
0.51767,0
0.51767,0
0.51767,0
0.51888,0
0.51888,1
0.51888,0
0.51888,0
0.51888,1
0.51888,1
0.51888,0
0.51888,0
0.51888,0
0.51888,1
0.51895,1
0.51995,0
0.51995,1
0.51995,0
0.51995,1
0.51995,0
0.52438,0
0.52625,1
0.52663,0
0.52887,0
0.52887,1
0.52887,1
0.52887,1
0.52959,1
0.53066,1
0.53104,1
0.53104,1
0.53104,1
0.53104,0
0.53104,1
0.53104,0
0.53142,0
0.53166,0
0.53312,0
0.53535,0
0.53535,0
0.53539,1
0.53539,1
0.53723,0
0.54154,1
0.54154,1
0.54363,1
0.54363,1
0.54687,1
0.54712,1
0.54712,0
0.54721,0
0.55017,1
0.55122,0
0.55122,1
0.55122,1
0.55122,1
0.55122,1
0.55122,1
0.55122,1
0.55122,0
0.55122,1
0.55122,1
0.55122,1
0.55122,0
0.55122,1
0.55122,0
0.55122,1
0.55267,1
0.55267,1
0.55822,1
0.5593,0
0.5593,0
0.5593,0
0.5593,1
0.5593,1
0.5593,1
0.5593,0
0.5593,0
0.5593,0
0.5593,1
0.5593,0
0.5593,1
0.5593,0
0.5593,1
0.5593,0
0.56043,1
0.56043,1
0.56043,1
0.56043,1
0.56154,0
0.56399,0
0.56679,1
0.56679,1
0.56679,1
0.56734,1
0.56734,1
0.56734,1
0.56734,1
0.56734,1
0.56734,1
0.56734,1
0.56734,1
0.56734,0
0.56734,1
0.56734,1
0.56734,1
0.56782,1
0.56975,0
0.5709,1
0.57124,0
0.57386,1
0.57389,0
0.57567,1
0.57571,0
0.57638,1
0.57638,0
0.57638,1
0.57701,1
0.57701,1
0.57701,1
0.57701,1
0.5777,1
0.57869,1
0.57875,1
0.57875,1
0.5814,1
0.58191,1
0.58191,1
0.58191,1
0.58191,1
0.58191,1
0.58191,1
0.58191,1
0.58267,0
0.58267,1
0.58267,0
0.58478,1
0.58478,0
0.58478,0
0.58478,1
0.58478,0
0.58478,1
0.58478,1
0.58478,0
0.58478,0
0.58478,1
0.58617,1
0.58632,1
0.58632,1
0.58632,0
0.58632,0
0.58632,0
0.58632,0
0.58632,1
0.58632,1
0.58642,1
0.58667,0
0.58721,1
0.58723,0
0.58723,0
0.58813,0
0.58813,1
0.58815,1
0.58826,0
0.58826,1
0.58903,0
0.58941,1
0.58941,1
0.58941,1
0.58941,1
0.59047,1
0.59099,1
0.59121,0
0.59121,0
0.59149,1
0.59149,1
0.59149,0
0.59149,1
0.59149,1
0.59149,1
0.59149,1
0.59149,1
0.59149,1
0.59149,1
0.59149,1
0.59149,1
0.59149,1
0.59149,1
0.59149,1
0.59149,1
0.59149,1
0.59149,0
0.59149,1
0.59149,1
0.59149,1
0.59149,1
0.59149,0
0.59149,0
0.59149,0
0.59149,1
0.59437,0
0.59443,0
0.59485,1
0.59697,1
0.59697,1
0.5985,0
0.5985,1
0.59898,1
0.59898,0
0.59898,1
0.59898,0
0.59898,1
0.59975,1
0.60012,1
0.60032,0
0.60032,0
0.6005,0
0.60145,0
0.60145,1
0.60443,0
0.60527,1
0.60527,1
0.60527,0
0.60527,0
0.60527,1
0.60527,1
0.60527,0
0.60527,1
0.60527,0
0.60527,1
0.60527,1
0.60527,0
0.60527,1
0.60527,0
0.60527,0
0.60527,1
0.60527,1
0.60527,1
0.60527,1
0.60527,0
0.60527,0
0.60527,1
0.60527,1
0.60527,0
0.60527,1
0.60527,0
0.60527,1
0.60527,0
0.60527,1
0.60527,1
0.60527,1
0.60527,1
0.60527,0
0.60527,0
0.60527,1
0.60527,1
0.60527,1
0.60527,0
0.60527,0
0.60527,1
0.6073,0
0.60848,0
0.60848,0
0.60919,0
0.61263,1
0.61305,1
0.61305,1
0.61305,1
0.61305,1
0.61305,0
0.61305,1
0.61305,1
0.61305,1
0.61305,1
0.61305,1
0.61305,0
0.61305,0
0.61305,1
0.61305,0
0.61305,1
0.61305,1
0.61407,1
0.61511,1
0.61511,1
0.61511,1
0.61685,0
0.61685,0
0.61686,1
0.61686,1
0.61686,1
0.61744,1
0.61957,1
0.62002,0
0.6209,1
0.62113,1
0.62113,1
0.6214,1
0.62235,1
0.62268,1
0.62375,1
0.62517,1
0.62517,1
0.62517,1
0.62517,1
0.62517,1
0.62517,1
0.62517,0
0.62517,1
0.62517,1
0.62517,1
0.62517,0
0.62517,1
0.62517,0
0.62517,1
0.62517,1
0.62517,1
0.62517,1
0.62517,1
0.62517,1
0.62517,1
0.62683,1
0.62764,1
0.6294,1
0.6294,1
0.6294,0
0.6294,1
0.62955,1
0.62999,1
0.63164,1
0.63164,0
0.63164,1
0.6321,1
0.6321,0
0.6327,0
0.6334,1
0.6334,1
0.6334,1
0.6334,1
0.6334,0
0.6334,1
0.6334,0
0.6334,1
0.6334,1
0.6334,1
0.6334,1
0.6334,1
0.6334,1
0.6334,1
0.6334,1
0.6334,0
0.6334,1
0.6334,1
0.63534,0
0.63534,1
0.63534,0
0.63534,1
0.63534,1
0.63534,0
0.63534,1
0.63534,1
0.63589,1
0.63589,1
0.63701,1
0.63802,0
0.63802,0
0.63848,1
0.63848,1
0.63848,1
0.63848,1
0.63848,0
0.63848,1
0.63848,1
0.63942,1
0.63942,1
0.63942,1
0.63947,0
0.63947,0
0.63947,1
0.63977,1
0.63977,0
0.63977,1
0.64064,1
0.64064,1
0.64194,1
0.64194,0
0.64194,1
0.64306,1
0.64306,0
0.64323,1
0.64342,1
0.64568,1
0.64568,1
0.64568,1
0.64568,1
0.64568,1
0.64568,1
0.64568,1
0.64767,1
0.64912,1
0.64912,0
0.64912,0
0.64912,1
0.64912,1
0.64912,1
0.64912,1
0.64912,1
0.64912,0
0.64912,0
0.64912,1
0.64912,1
0.64912,1
0.64912,1
0.64912,1
0.64912,1
0.64912,1
0.64912,0
0.64912,0
0.64912,1
0.64912,0
0.64912,0
0.64912,1
0.64912,0
0.64912,1
0.64912,0
0.64912,1
0.64912,1
0.64912,1
0.64912,1
0.64912,0
0.64912,1
0.64912,1
0.64912,1
0.64912,1
0.64912,1
0.64912,0
0.64912,0
0.64912,0
0.64912,1
0.64912,1
0.64912,0
0.64912,1
0.64912,1
0.64912,1
0.64912,0
0.64912,1
0.64912,1
0.64912,1
0.64912,0
0.64912,1
0.64912,0
0.64912,1
0.64912,1
0.64912,1
0.64912,1
0.64912,1
0.64912,1
0.64912,1
0.64912,1
0.64912,1
0.64912,0
0.64912,1
0.64912,1
0.64912,0
0.64912,1
0.64912,0
0.64912,1
0.64912,1
0.64912,0
0.64912,0
0.64912,1
0.64912,0
0.64912,1
0.64912,0
0.64912,1
0.64912,1
0.64912,0
0.64912,1
0.64912,1
0.64912,0
0.64912,1
0.64912,0
0.64912,1
0.64912,0
0.64912,1
0.64912,1
0.64912,0
0.64912,0
0.64912,0
0.64912,0
0.64912,1
0.64912,1
0.64912,0
0.64912,1
0.64912,1
0.64912,1
0.64912,1
0.64912,0
0.64912,0
0.64912,1
0.64912,1
0.64912,1
0.64912,1
0.64912,0
0.64912,1
0.64912,0
0.64912,0
0.64912,0
0.64912,1
0.64912,1
0.64912,1
0.64912,1
0.64912,1
0.65183,1
0.65183,1
0.65248,1
0.65326,1
0.65484,1
0.65581,1
0.65581,1
0.65673,1
0.65673,0
0.66295,0
0.66316,0
0.66316,1
0.66376,1
0.66387,1
0.66387,1
0.66387,1
0.66387,0
0.66387,1
0.66387,1
0.66387,0
0.66387,1
0.66387,1
0.66387,0
0.66387,1
0.66387,1
0.66387,0
0.66387,1
0.66387,0
0.66387,1
0.66387,1
0.66387,1
0.66387,1
0.66387,1
0.66387,1
0.66387,0
0.66387,1
0.66387,1
0.66387,1
0.66387,1
0.66387,0
0.66387,1
0.66387,1
0.66387,1
0.66387,1
0.66387,0
0.66387,1
0.66387,0
0.66387,1
0.66387,1
0.66387,0
0.66387,1
0.66387,1
0.66387,1
0.66387,1
0.66387,1
0.66387,1
0.66387,1
0.66387,1
0.66387,1
0.66387,1
0.66387,0
0.66387,1
0.66387,0
0.66387,1
0.66387,1
0.66387,1
0.66387,0
0.66387,1
0.66387,0
0.66387,0
0.66387,1
0.66387,1
0.66387,1
0.66387,0
0.66387,1
0.66387,0
0.66387,1
0.66387,0
0.66387,1
0.66387,1
0.66387,0
0.66387,0
0.66387,1
0.66387,1
0.66387,1
0.66387,0
0.66387,0
0.66387,1
0.66387,1
0.66387,1
0.66387,1
0.66387,1
0.66387,1
0.66387,1
0.66387,0
0.66387,1
0.66387,1
0.66387,1
0.66387,0
0.66387,1
0.66387,0
0.66387,1
0.66387,1
0.66387,1
0.66387,1
0.66387,0
0.66387,1
0.66387,1
0.66387,1
0.66387,1
0.66387,1
0.66387,1
0.66387,0
0.66387,1
0.66387,0
0.66387,0
0.66387,1
0.66387,1
0.66387,0
0.66387,0
0.66387,1
0.66387,1
0.66387,1
0.66387,1
0.66387,1
0.66387,1
0.66387,1
0.66387,1
0.66387,0
0.66387,1
0.66387,1
0.66387,0
0.66387,0
0.66387,1
0.66387,1
0.66387,0
0.66387,1
0.66387,1
0.66387,1
0.66387,1
0.66387,0
0.66387,0
0.66387,1
0.66387,1
0.66387,1
0.66387,0
0.66387,1
0.66387,1
0.66387,0
0.66387,1
0.66387,1
0.66387,1
0.66387,1
0.66387,0
0.66387,1
0.66387,1
0.66387,1
0.66387,0
0.66387,1
0.66387,0
0.66387,0
0.66387,1
0.66387,1
0.66387,0
0.66387,1
0.66387,1
0.66387,1
0.66387,1
0.66387,0
0.66387,1
0.66387,1
0.66387,0
0.66387,0
0.66387,0
0.66387,1
0.66387,1
0.66387,0
0.66387,0
0.66387,1
0.66387,1
0.66387,0
0.66387,1
0.66387,1
0.66387,0
0.66387,1
0.66387,0
0.66387,1
0.66387,0
0.66387,0
0.66387,0
0.66387,0
0.66387,1
0.66387,0
0.66387,1
0.66387,0
0.66387,1
0.66387,1
0.66387,0
0.66387,0
0.66387,0
0.66387,1
0.66387,0
0.66387,1
0.66387,0
0.66387,0
0.66387,0
0.66387,0
0.66387,0
0.66387,1
0.66387,0
0.66387,0
0.66387,1
0.66387,1
0.66387,0
0.66387,0
0.66387,1
0.66387,1
0.66387,1
0.66387,0
0.66387,1
0.66387,1
0.66387,1
0.66387,0
0.66387,1
0.66387,1
0.66387,1
0.66387,1
0.66387,1
0.66387,1
0.66387,0
0.66387,1
0.66387,0
0.66387,1
0.66387,1
0.66387,0
0.66387,1
0.66387,1
0.66387,1
0.66387,1
0.66387,0
0.66387,1
0.66387,1
0.66387,1
0.66387,0
0.66387,1
0.66387,1
0.66387,1
0.66387,1
0.66387,1
0.66387,0
0.66387,1
0.66429,1
0.66678,0
0.66678,1
0.66871,1
0.67167,1
0.67167,1
0.6728,0
0.67409,1
0.67435,1
0.68104,0
0.68104,0
0.6822,1
0.68328,1
0.68679,1
0.68679,1
0.68679,1
0.68679,1
0.69325,1
0.69325,1
0.69513,1
0.6964,1
0.6964,1
0.6964,1
0.6964,1
0.6964,1
0.69716,0
0.70141,1
0.70579,1
0.70581,1
0.70581,1
0.70581,1
0.70581,1
0.70581,1
0.70581,1
0.70581,1
0.70581,1
0.70596,1
0.70625,1
0.70625,1
0.70625,1
0.70625,1
0.70625,1
0.70625,0
0.70704,0
0.70704,1
0.70704,1
0.70704,0
0.70704,1
0.70704,0
0.70782,0
0.70782,1
0.70782,1
0.70794,0
0.70976,1
0.70976,1
0.70976,1
0.7121,0
0.71236,1
0.71236,0
0.7158,1
0.7159,1
0.7159,0
0.71666,0
0.71845,1
0.72074,1
0.72321,1
0.72321,1
0.72321,1
0.72381,1
0.72439,1
0.72482,0
0.72628,1
0.72662,1
0.72739,1
0.72793,0
0.72793,1
0.72793,1
0.72793,1
0.72793,0
0.72877,1
0.72877,1
0.72877,1
0.72979,1
0.73016,1
0.73037,1
0.73114,1
0.73395,1
0.73395,0
0.73395,1
0.73395,1
0.73395,1
0.73395,1
0.73395,0
0.73395,1
0.73395,1
0.73395,1
0.73395,1
0.73395,1
0.73395,1
0.73395,1
0.73395,1
0.73395,1
0.73466,0
0.73499,0
0.73499,1
0.73787,1
0.73787,0
0.74028,1
0.74028,1
0.74028,1
0.74028,1
0.74028,1
0.74028,1
0.74028,1
0.74028,1
0.74028,1
0.74028,0
0.74028,1
0.74028,1
0.74028,1
0.74028,0
0.74028,1
0.74028,1
0.74028,1
0.74028,1
0.74028,1
0.74028,1
0.74028,1
0.74028,1
0.74028,0
0.74028,1
0.74028,1
0.74028,1
0.74028,1
0.74028,1
0.74028,1
0.74028,1
0.74028,1
0.74028,0
0.74093,1
0.74132,1
0.74132,1
0.74204,0
0.74204,1
0.74204,1
0.74204,1
0.74204,0
0.74204,1
0.74204,1
0.74204,1
0.74204,0
0.74204,0
0.74204,1
0.74276,0
0.74276,1
0.74276,1
0.74276,1
0.74276,0
0.74276,1
0.74276,0
0.74276,1
0.74276,1
0.74276,1
0.74276,0
0.74276,1
0.74276,1
0.74276,1
0.74276,0
0.74276,1
0.74276,0
0.74276,1
0.74276,1
0.74276,1
0.74276,1
0.74276,1
0.74276,1
0.74276,1
0.74276,1
0.74276,1
0.74348,0
0.74348,1
0.74348,1
0.74348,0
0.74348,1
0.74348,1
0.74348,0
0.74565,1
0.74653,1
0.74798,0
0.74798,1
0.74798,1
0.74798,1
0.74798,0
0.74843,1
0.74938,1
0.74938,1
0.74938,1
0.74962,1
0.74962,1
0.74962,1
0.74962,1
0.74962,1
0.75079,1
0.75079,1
0.7545,1
0.75502,1
0.75502,1
0.75502,1
0.75502,1
0.75502,1
0.75635,1
0.75635,1
0.75635,1
0.75635,0
0.75635,1
0.75635,1
0.75667,1
0.75721,1
0.75758,1
0.75758,1
0.75758,1
0.75758,1
0.75758,1
0.75758,1
0.75758,1
0.75758,0
0.75758,1
0.75758,1
0.75758,1
0.75758,1
0.75758,1
0.75758,1
0.75758,1
0.75758,1
0.75758,1
0.75758,1
0.75758,1
0.75758,1
0.75758,0
0.75758,1
0.75758,1
0.75758,0
0.75758,1
0.75758,0
0.75758,1
0.75758,1
0.75758,1
0.75758,1
0.75758,1
0.75758,1
0.75758,1
0.75758,0
0.75758,1
0.75758,0
0.75758,1
0.75758,1
0.75758,1
0.75758,1
0.75758,1
0.75758,1
0.75758,0
0.75758,1
0.75758,1
0.75758,1
0.75758,1
0.75758,0
0.75758,0
0.75758,0
0.75758,1
0.75758,0
0.75758,0
0.75758,0
0.75758,0
0.75758,1
0.75758,1
0.75758,1
0.75758,1
0.75758,1
0.75758,1
0.75758,0
0.75758,1
0.75758,0
0.75758,1
0.75758,1
0.75795,1
0.75795,1
0.76034,1
0.76097,1
0.76179,0
0.76281,1
0.76281,1
0.76444,1
0.76478,0
0.76478,1
0.76478,0
0.76478,1
0.76478,0
0.76478,1
0.76478,1
0.76478,1
0.76478,0
0.76478,1
0.76478,1
0.76478,1
0.76478,1
0.76478,1
0.76478,1
0.76478,0
0.76478,1
0.76478,1
0.76478,1
0.76478,1
0.76478,1
0.76478,1
0.76478,1
0.76478,1
0.76478,1
0.7652,1
0.76546,1
0.76546,0
0.76546,0
0.76546,1
0.76546,1
0.76546,1
0.76546,1
0.76546,1
0.76546,1
0.76546,1
0.76546,0
0.76546,1
0.76546,1
0.76546,0
0.76546,0
0.76546,1
0.76546,1
0.76546,1
0.76546,1
0.76546,1
0.76546,1
0.76546,1
0.76546,1
0.76546,1
0.76546,0
0.76546,1
0.76546,1
0.76546,0
0.76546,0
0.76546,1
0.76546,1
0.76546,1
0.76546,1
0.76546,1
0.76546,1
0.76546,1
0.76546,1
0.76546,1
0.76546,0
0.76582,1
0.76582,1
0.76613,0
0.76613,1
0.76613,1
0.76613,1
0.76613,1
0.76613,0
0.76613,0
0.76613,1
0.76613,1
0.76613,0
0.76613,1
0.76613,1
0.76613,1
0.76613,1
0.76613,1
0.76613,1
0.76613,1
0.76613,1
0.76613,1
0.76613,1
0.76613,1
0.76613,1
0.76613,1
0.76613,1
0.76681,1
0.76681,1
0.76755,0
0.76955,0
0.77202,1
0.77202,1
0.77202,1
0.77202,1
0.77552,0
0.77709,1
0.77922,1
0.77922,0
0.77922,1
0.77922,0
0.77922,0
0.77922,0
0.77922,1
0.77922,1
0.77922,1
0.77922,1
0.77922,1
0.77922,1
0.77922,1
0.77922,1
0.77922,1
0.77922,1
0.77922,1
0.77922,1
0.77922,1
0.77922,1
0.77922,1
0.77922,1
0.77922,0
0.77922,0
0.77922,0
0.77922,1
0.77922,1
0.77922,1
0.77922,1
0.77922,1
0.77922,1
0.77922,1
0.77922,0
0.77922,1
0.77922,1
0.77922,0
0.77922,1
0.77922,1
0.77922,1
0.77922,1
0.77922,1
0.77922,1
0.77922,1
0.77922,1
0.77922,1
0.77922,1
0.77922,0
0.77922,1
0.77922,1
0.77922,1
0.77922,0
0.77922,0
0.77922,1
0.77922,1
0.77922,1
0.77922,1
0.77922,1
0.77922,1
0.77922,1
0.77922,1
0.77922,1
0.77922,1
0.77922,1
0.77922,0
0.77922,1
0.77922,0
0.77922,1
0.77922,1
0.77922,0
0.77922,0
0.77922,1
0.77922,1
0.77922,1
0.77922,0
0.77922,1
0.77922,1
0.77922,1
0.78055,1
0.78154,1
0.78218,1
0.78282,1
0.78282,1
0.78282,1
0.78282,1
0.78282,1
0.78282,1
0.78282,1
0.78346,1
0.78346,1
0.78437,0
0.78811,1
0.78945,1
0.79047,1
0.79206,0
0.79534,1
0.79616,1
0.79629,1
0.79629,1
0.79662,1
0.79664,1
0.79743,1
0.79751,1
0.79753,1
0.79889,1
0.80172,1
0.80172,1
0.80172,1
0.80172,1
0.80232,0
0.80232,1
0.80232,1
0.80232,1
0.80232,1
0.80232,1
0.80292,1
0.80292,1
0.80298,1
0.80341,1
0.80341,1
0.80341,1
0.80341,0
0.80352,1
0.80352,1
0.80381,1
0.80435,1
0.80564,1
0.80564,1
0.80564,1
0.80922,1
0.80922,1
0.80922,1
0.8098,1
0.81101,1
0.81101,1
0.81101,1
0.8123,1
0.81526,1
0.81526,1
0.81526,1
0.81785,1
0.81827,0
0.81905,1
0.81973,1
0.8213,1
0.82315,1
0.82315,1
0.82452,1
0.82457,1
0.82555,1
0.82638,1
0.83145,1
0.83162,1
0.83162,1
0.83186,1
0.83235,1
0.83391,1
0.83391,1
0.83427,1
0.83644,1
0.83691,1
0.83852,1
0.83952,1
0.83966,1
0.84177,1
0.84316,1
0.84409,1
0.84422,1
0.84492,0
0.84628,1
0.84686,1
0.85191,1
0.85191,0
0.85203,1
0.85459,1
0.85486,1
0.85739,1
0.85739,1
0.86018,1
0.86036,1
0.86036,1
0.86165,1
0.86229,1
0.86229,1
0.86352,1
0.86352,1
0.86371,1
0.8724,1
0.8724,1
0.8728,1
0.87328,1
0.87328,1
0.87373,1
0.87599,1
0.87599,1
0.87604,1
0.87888,1
0.87888,1
0.87927,1
0.8796,1
0.88309,1
0.88334,1
0.88334,1
0.88586,1
0.88646,1
0.88646,1
0.88646,1
0.88646,1
0.88646,1
0.88792,1
0.88792,1
0.8889,1
0.88892,1
0.88892,1
0.89042,1
0.89535,1
0.89636,1
0.89664,1
0.89823,1
0.89993,1
0.9024,1
0.90324,1
0.90327,1
0.9052,1
0.90688,1
0.90688,1
0.90688,1
0.90824,1
0.91968,1
0.91968,1
0.92255,1
0.92255,1
0.92387,1
0.92681,1
0.92937,1
0.92937,1
0.93192,1
0.93192,1
0.93281,1
0.93457,1
0.93471,1
0.93512,1
0.93512,1
0.93766,1
0.93766,1
0.93942,1
0.94633,1
0.95213,1
0.95598,1
0.9667,1
0.97062,1
0.97727,1
0.97727,1
0.97727,1
0.97727,1
0.97727,1
0.97727,1
0.97727,1
0.97727,1
0.97727,1
0.97727,1
0.97727,0
0.97727,1
0.97727,1
0.97727,1
0.97727,1
0.97727,1
0.97727,1
0.97727,1
0.97727,1
0.97727,1
0.97727,1
0.97727,1
0.97727,1
0.97727,1
0.97727,1
0.97727,1
0.97727,1
0.97727,1
0.97727,1
0.97727,1
0.97727,1
0.97727,1
0.97727,1
0.97727,1
0.97727,1
0.97727,1
0.97727,1
0.97727,1
0.97727,1
0.97727,1
0.97727,1
0.97727,1
0.97727,1
0.97727,1
