0.97727
0.97727
0.97727
0.97727
0.97727
0.97727
0.97727
0.97727
0.97727
0.97727
0.97727
0.97727
0.97727
0.97727
0.97727
0.97727
0.97727
0.97727
0.97727
0.97727
0.97727
0.97727
0.97727
0.97727
0.97727
0.97727
0.97727
0.97727
0.97727
0.97727
0.97727
0.97727
0.97727
0.97727
0.97727
0.97727
0.97727
0.97727
0.97727
0.97727
0.97727
0.97727
0.97727
0.97727
0.77922
0.77922
0.77922
0.77922
0.77922
0.77922
0.77922
0.77922
0.77922
0.77922
0.77922
0.77922
0.77922
0.77922
0.77922
0.77922
0.77922
0.77922
0.77922
0.77922
0.77922
0.77922
0.77922
0.77922
0.77922
0.77922
0.77922
0.77922
0.77922
0.77922
0.77922
0.77922
0.77922
0.77922
0.77922
0.77922
0.77922
0.77922
0.77922
0.77922
0.77922
0.77922
0.77922
0.77922
0.77922
0.77922
0.77922
0.77922
0.77922
0.77922
0.77922
0.77922
0.77922
0.77922
0.77922
0.77922
0.77922
0.77922
0.77922
0.77922
0.77922
0.77922
0.77922
0.77922
0.77922
0.77922
0.77922
0.77922
0.77922
0.77922
0.77922
0.77922
0.77922
0.77922
0.77922
0.77922
0.77922
0.73395
0.60527
0.61305
0.41363
0.41363
0.60527
0.61305
0.41363
0.74028
0.41363
0.41363
0.42158
0.60527
0.61305
0.42158
0.73395
0.41363
0.60527
0.74028
0.41363
0.41363
0.73395
0.73395
0.61305
0.41363
0.74028
0.42158
0.61305
0.60527
0.42158
0.60527
0.74028
0.60527
0.41363
0.56734
0.56734
0.60527
0.41363
0.61305
0.61305
0.41363
0.74028
0.61305
0.42158
0.42158
0.73395
0.60527
0.42158
0.60527
0.73395
0.60527
0.74028
0.60527
0.73395
0.41363
0.74028
0.42158
0.42158
0.73395
0.5593
0.41363
0.74028
0.41363
0.60527
0.60527
0.41363
0.56734
0.60527
0.42158
0.73395
0.74028
0.74028
0.56734
0.41363
0.5593
0.73395
0.41363
0.60527
0.74028
0.74028
0.41363
0.41363
0.41363
0.42158
0.56734
0.61305
0.73395
0.74028
0.60527
0.60527
0.56734
0.74028
0.73395
0.56734
0.60527
0.60527
0.56734
0.60527
0.41363
0.60527
0.61305
0.74028
0.60527
0.61305
0.41363
0.61305
0.74028
0.74028
0.41363
0.61305
0.41363
0.74028
0.74028
0.41363
0.74028
0.41363
0.60527
0.41363
0.56734
0.56734
0.60527
0.60527
0.41363
0.5593
0.41363
0.5593
0.41363
0.60527
0.60527
0.60527
0.60527
0.41363
0.5593
0.42158
0.60527
0.5593
0.5593
0.60527
0.61305
0.74028
0.74028
0.60527
0.74028
0.41363
0.41363
0.73395
0.74028
0.42158
0.74028
0.56734
0.41363
0.60527
0.41363
0.60527
0.41363
0.74028
0.61305
0.41363
0.60527
0.41363
0.5593
0.41363
0.74028
0.60527
0.73395
0.74028
0.42158
0.74028
0.74028
0.5593
0.60527
0.42158
0.5593
0.5593
0.56734
0.73395
0.74028
0.74028
0.41363
0.5593
0.60527
0.41363
0.41363
0.60527
0.41363
0.5593
0.5593
0.41363
0.61305
0.41363
0.5593
0.73395
0.34586
0.3993
0.31417
0.3993
0.32513
0.59149
0.53539
0.43933
0.31417
0.59149
0.43933
0.43933
0.3993
0.43933
0.11829
0.55122
0.3993
0.15444
0.23486
0.43933
0.59149
0.31103
0.59149
0.43933
0.19634
0.55122
0.3993
0.3993
0.29778
0.55122
0.3993
0.12365
0.3993
0.43933
0.29778
0.29778
0.23486
0.3993
0.29778
0.29752
0.11677
0.59149
0.72793
0.31103
0.19634
0.43933
0.29778
0.31103
0.59149
0.29778
0.32192
0.55122
0.59149
0.29778
0.29778
0.32513
0.55122
0.3993
0.23486
0.3993
0.19653
0.59149
0.32513
0.3993
0.23486
0.32513
0.087444
0.59149
0.43933
0.19634
0.59149
0.3993
0.59149
0.43933
0.32192
0.3993
0.11829
0.29778
0.3993
0.3993
0.11677
0.34586
0.17716
0.55122
0.59149
0.31103
0.3993
0.19634
0.12365
0.32513
0.087444
0.43933
0.3993
0.59149
0.15444
0.59149
0.59149
0.31417
0.19634
0.19634
0.32513
0.55122
0.29778
0.3993
0.43933
0.31103
0.31103
0.43933
0.43933
0.29778
0.43933
0.43933
0.19653
0.3993
0.45479
0.087444
0.3993
0.29778
0.43933
0.53539
0.43933
0.55122
0.32192
0.43933
0.72793
0.3993
0.43933
0.3993
0.59149
0.1887
0.43933
0.55122
0.43933
0.087444
0.43933
0.43933
0.29778
0.3993
0.59149
0.31103
0.3993
0.3993
0.43933
0.26456
0.55122
0.15444
0.3993
0.087444
0.43933
0.3993
0.55122
0.3993
0.29752
0.34586
0.43933
0.43933
0.45479
0.3993
0.3993
0.43933
0.29778
0.31103
0.59149
0.3993
0.16994
0.17716
0.55122
0.31103
0.3993
0.55122
0.32192
0.34586
0.59149
0.11677
0.43933
0.19634
0.29752
0.23486
0.59149
0.55122
0.3993
0.43933
0.43933
0.17716
0.32513
0.59149
0.43933
0.59149
0.29778
0.19634
0.59149
0.16994
0.43933
0.3993
0.15444
0.43933
0.43933
0.2068
0.32513
0.43933
0.59149
0.43933
0.43933
0.43933
0.55122
0.43933
0.31103
0.12365
0.72793
0.59149
0.26456
0.15444
0.43933
0.29778
0.19634
0.31417
0.23486
0.72793
0.3993
0.19634
0.34586
0.72793
0.43933
0.3993
0.29752
0.3993
0.59149
0.45711
0.73466
0.29888
0.87888
0.24073
0.2486
0.19271
0.57571
0.4836
0.59121
0.81101
0.45711
0.48055
0.20086
0.72739
0.28828
0.49031
0.58903
0.39394
0.53535
0.45523
0.88334
0.72877
0.77202
0.77709
0.49116
0.77202
0.49423
0.77202
0.27781
0.50405
0.50095
0.3098
0.27963
0.72877
0.87888
0.47073
0.58826
0.78437
0.49031
0.88892
0.61744
0.5985
0.24073
0.80564
0.31897
0.53723
0.45384
0.87328
0.49208
0.76281
0.88586
0.74565
0.58826
0.71845
0.7545
0.69716
0.58642
0.39394
0.70976
0.51384
0.45001
0.46441
0.79047
0.49116
0.51384
0.6321
0.73499
0.3961
0.62955
0.3961
0.59437
0.49663
0.69513
0.73499
0.71666
0.26093
0.60145
0.72482
0.72074
0.486
0.80564
0.62268
0.77552
0.46994
0.67435
0.5985
0.26093
0.4734
0.6334
0.74653
0.26935
0.75502
0.48055
0.76281
0.72628
0.75502
0.36841
0.6209
0.61685
0.63942
0.60032
0.27692
0.88334
0.70976
0.68679
0.79743
0.19271
0.87328
0.7159
0.6334
0.3098
0.38382
0.47866
0.4734
0.52438
0.79889
0.49423
0.46281
0.49208
0.64323
0.68679
0.87599
0.51384
0.26935
0.64194
0.83186
0.68679
0.80564
0.63164
0.61263
0.76179
0.93192
0.45001
0.5709
0.24073
0.82452
0.82638
0.68679
0.59121
0.4836
0.83162
0.50369
0.31897
0.46994
0.19271
0.76444
0.63164
0.60032
0.63942
0.79616
0.70794
0.89042
0.93457
0.46805
0.63942
0.81101
0.70141
0.90688
0.7121
0.31897
0.93766
0.75502
0.27781
0.48055
0.2486
0.27963
0.57869
0.81101
0.93512
0.90688
0.75502
0.63164
0.51658
0.50497
0.51384
0.4734
0.26922
0.89535
0.57386
0.83162
0.60145
0.49423
0.28737
0.4734
0.49208
0.45001
0.46769
0.87599
0.6321
0.72662
0.28828
0.70976
0.40632
0.88892
0.65326
0.47073
0.47073
0.75502
0.46441
0.53535
0.80298
0.62999
0.19271
0.48055
0.7159
0.93512
0.28737
0.77202
0.72877
0.62002
0.81827
0.271
0.64194
0.87927
0.36841
0.93766
0.51376
0.61685
0.55822
0.90688
0.64194
0.52663
0.8213
0.93192
0.48055
0.3716
0.38847
0.42755
0.3716
0.50987
0.24327
0.51888
0.63848
0.58617
0.38745
0.18209
0.56975
0.41961
0.63848
0.28965
0.3716
0.58721
0.51888
0.1493
0.14985
0.51888
0.3716
0.14985
0.61407
0.3706
0.49089
0.38745
0.25751
0.51888
0.56782
0.3706
0.63947
0.49089
0.41874
0.30537
0.38847
0.52959
0.28965
0.50879
0.30537
0.51888
0.18209
0.38745
0.57875
0.63947
0.38745
0.49089
0.51888
0.50528
0.63947
0.63848
0.59697
0.65581
0.44711
0.28965
0.50879
0.63848
0.29054
0.28965
0.49089
0.51995
0.51995
0.59697
0.24406
0.41769
0.62683
0.49089
0.3706
0.65581
0.3706
0.49089
0.28965
0.4286
0.1493
0.51995
0.42755
0.18209
0.24406
0.30628
0.3716
0.49089
0.65484
0.5777
0.3716
0.51888
0.40142
0.44604
0.29054
0.49089
0.49089
0.29054
0.49089
0.49197
0.38745
0.3716
0.42755
0.18273
0.3716
0.51995
0.14985
0.14985
0.63848
0.49089
0.49197
0.51888
0.3716
0.57875
0.1493
0.4286
0.3706
0.64342
0.24327
0.1493
0.53066
0.49197
0.38847
0.55017
0.3706
0.3706
0.49089
0.24327
0.51995
0.3706
0.63848
0.1493
0.51888
0.51888
0.28965
0.3706
0.29054
0.34488
0.38847
0.1493
0.63848
0.37327
0.37327
0.37904
0.37904
0.37327
0.38529
0.37327
0.39112
0.37904
0.37904
0.37904
0.37327
0.37327
0.37904
0.37904
0.40334
0.37327
0.37904
0.37327
0.39112
0.37327
0.39112
0.39112
0.37327
0.37904
0.37327
0.38529
0.37327
0.37327
0.57701
0.40334
0.37904
0.37904
0.37327
0.37904
0.37904
0.37327
0.37904
0.37904
0.37327
0.37327
0.37904
0.58941
0.37327
0.37904
0.37904
0.39112
0.37327
0.37904
0.37327
0.37904
0.37327
0.37327
0.37904
0.37904
0.37904
0.37327
0.37904
0.37904
0.37904
0.37327
0.37904
0.37327
0.37904
0.40334
0.37904
0.37904
0.37327
0.39112
0.37904
0.37327
0.37327
0.37904
0.37904
0.37327
0.37327
0.37327
0.38529
0.37327
0.37904
0.37904
0.39112
0.37327
0.37327
0.37904
0.37904
0.37904
0.57701
0.37904
0.37904
0.37904
0.37327
0.37327
0.37904
0.39112
0.39112
0.58941
0.38529
0.37327
0.37327
0.39112
0.37327
0.37904
0.37327
0.37327
0.39112
0.37904
0.37904
0.37904
0.37327
0.37904
0.37327
0.37327
0.58941
0.37327
0.37327
0.39112
0.37327
0.37904
0.37327
0.37327
0.37904
0.37904
0.37327
0.37327
0.40334
0.37904
0.37327
0.37327
0.37904
0.37904
0.37327
0.37904
0.37327
0.37327
0.39112
0.37327
0.37327
0.37327
0.37904
0.37327
0.37904
0.58941
0.37327
0.37327
0.37327
0.37327
0.37327
0.37904
0.38529
0.37904
0.37904
0.37904
0.38529
0.38529
0.37327
0.37904
0.39112
0.57701
0.39112
0.37904
0.38529
0.37327
0.57701
0.37327
0.37904
0.37904
0.37904
0.37327
0.37904
0.276
0.276
0.276
0.276
0.276
0.276
0.276
0.276
0.276
0.276
0.276
0.276
0.276
0.276
0.276
0.276
0.276
0.276
0.276
0.276
0.276
0.276
0.276
0.276
0.276
0.276
0.276
0.276
0.276
0.276
0.276
0.276
0.276
0.276
0.276
0.276
0.276
0.276
0.276
0.276
0.276
0.276
0.276
0.276
0.276
0.276
0.276
0.276
0.276
0.276
0.276
0.276
0.276
0.276
0.276
0.276
0.276
0.276
0.276
0.276
0.276
0.276
0.276
0.276
0.276
0.276
0.276
0.276
0.276
0.276
0.276
0.276
0.276
0.276
0.276
0.276
0.276
0.276
0.276
0.276
0.276
0.276
0.276
0.276
0.276
0.276
0.276
0.276
0.276
0.276
0.276
0.276
0.276
0.276
0.276
0.276
0.276
0.276
0.276
0.276
0.276
0.276
0.276
0.276
0.276
0.276
0.276
0.276
0.276
0.276
0.276
0.276
0.276
0.276
0.276
0.276
0.276
0.276
0.276
0.276
0.276
0.276
0.276
0.276
0.276
0.276
0.276
0.276
0.276
0.276
0.276
0.276
0.276
0.276
0.276
0.276
0.276
0.276
0.276
0.276
0.276
0.276
0.276
0.276
0.276
0.276
0.276
0.276
0.276
0.276
0.276
0.276
0.276
0.276
0.276
0.276
0.276
0.276
0.276
0.276
0.276
0.276
0.276
0.276
0.276
0.276
0.276
0.276
0.276
0.276
0.276
0.276
0.276
0.276
0.276
0.276
0.276
0.276
0.276
0.276
0.276
0.276
0.276
0.276
0.276
0.276
0.276
0.276
0.276
0.276
0.276
0.276
0.276
0.276
0.276
0.276
0.276
0.276
0.276
0.276
0.276
0.276
0.276
0.276
0.276
0.276
0.276
0.276
0.276
0.276
0.276
0.276
0.276
0.276
0.276
0.276
0.276
0.276
0.276
0.276
0.276
0.276
0.276
0.276
0.276
0.276
0.276
0.276
0.276
0.276
0.276
0.276
0.276
0.276
0.276
0.276
0.276
0.276
0.276
0.276
0.276
0.276
0.276
0.276
0.276
0.276
0.276
0.276
0.276
0.276
0.84492
0.49468
0.76955
0.079089
0.2315
0.14514
0.38271
0.24138
0.92937
0.88646
0.8098
0.27948
0.76034
0.83966
0.30673
0.97062
0.38271
0.81973
0.8724
0.079089
0.85486
0.34831
0.46981
0.07213
0.39005
0.74843
0.17758
0.84686
0.4175
0.10501
0.83235
0.88646
0.3833
0.52625
0.83952
0.86352
0.6822
0.049162
0.072388
0.73016
0.096008
0.50037
0.68328
0.10147
0.76755
0.84628
0.14514
0.33151
0.46812
0.91968
0.88792
0.92255
0.25984
0.73787
0.49698
0.88792
0.02698
0.88646
0.91968
0.65183
0.046027
0.25245
0.57638
0.10688
0.53166
0.14388
0.58813
0.5814
0.3778
0.78811
0.59099
0.66295
0.24316
0.38271
0.34561
0.8889
0.14031
0.54712
0.27841
0.11187
0.88646
0.6214
0.48019
0.82457
0.35916
0.28387
0.24344
0.27039
0.07213
0.036472
0.42123
0.57638
0.12897
0.58813
0.13693
0.27039
0.3394
0.8728
0.51497
0.6327
0.56154
0.67167
0.92255
0.18929
0.86036
0.3903
0.83427
0.22455
0.87373
0.14514
0.065977
0.44648
0.6728
0.38774
0.27181
0.64306
0.72439
0.70596
0.21976
0.39153
0.4236
0.86352
0.93281
0.10256
0.18929
0.2315
0.86036
0.32605
0.65183
0.83644
0.69325
0.3778
0.67167
0.83691
0.39183
0.21976
0.14724
0.29886
0.89823
0.92937
0.57638
0.88309
0.79629
0.37614
0.83391
0.54712
0.011977
0.6005
0.54721
0.20422
0.80435
0.18946
0.95213
0.33924
0.39183
0.42123
0.69325
0.15164
0.19775
0.0666
0.27055
0.3527
0.86165
0.47548
0.74093
0.9667
0.23422
0.27948
0.79751
0.85459
0.83391
0.25997
0.50037
0.34815
0.88646
0.35394
0.86229
0.1968
0.66429
0.20768
0.24135
0.85191
0.50037
0.73787
0.83145
0.14514
0.84422
0.24138
0.069532
0.34815
0.018481
0.3199
0.026493
0.86229
0.79629
0.15923
0.25229
0.093476
0.21009
0.34831
0.85191
0.75667
0.84177
0.59975
0.79206
0.1974
0.85739
0.20804
0.78945
0.67409
0.26476
0.39948
0.85739
0.95598
0.041292
0.64306
0.57124
0.92681
0.32605
0.83852
0.33001
0.81905
0.80381
0.89636
0.39979
0.8123
0.73037
0.051471
0.04879
0.90327
0.56399
0.28063
0.72381
0.87604
0.32605
0.13576
0.51666
0.18331
0.3171
0.8724
0.79664
0.64912
0.64912
0.64912
0.64912
0.64912
0.64912
0.64912
0.64912
0.64912
0.64912
0.64912
0.64912
0.64912
0.64912
0.64912
0.64912
0.64912
0.64912
0.64912
0.64912
0.64912
0.64912
0.64912
0.64912
0.64912
0.64912
0.64912
0.64912
0.64912
0.64912
0.64912
0.64912
0.64912
0.64912
0.64912
0.64912
0.64912
0.64912
0.64912
0.64912
0.64912
0.64912
0.64912
0.64912
0.64912
0.64912
0.64912
0.64912
0.64912
0.64912
0.64912
0.64912
0.64912
0.64912
0.64912
0.64912
0.64912
0.64912
0.64912
0.64912
0.64912
0.64912
0.64912
0.64912
0.64912
0.64912
0.64912
0.64912
0.64912
0.64912
0.64912
0.64912
0.64912
0.64912
0.64912
0.64912
0.64912
0.64912
0.64912
0.64912
0.64912
0.64912
0.64912
0.64912
0.64912
0.64912
0.64912
0.64912
0.64912
0.64912
0.64912
0.64912
0.64912
0.64912
0.64912
0.64912
0.64912
0.64912
0.64912
0.64912
0.64912
0.64912
0.64912
0.64912
0.64912
0.64912
0.64912
0.64912
0.64912
0.64912
0.64912
0.64912
0.64912
0.64912
0.27319
0.33693
0.33693
0.33693
0.33693
0.33693
0.27319
0.27319
0.33693
0.27319
0.40721
0.33693
0.40721
0.27319
0.40721
0.27319
0.40721
0.33693
0.33693
0.27319
0.40721
0.40721
0.40721
0.40721
0.40721
0.33693
0.40721
0.40721
0.40721
0.33693
0.33693
0.33693
0.27319
0.40721
0.21755
0.40721
0.27319
0.40721
0.27319
0.33693
0.40721
0.21755
0.33693
0.40721
0.27319
0.27319
0.33693
0.40721
0.33693
0.40721
0.40721
0.33693
0.40721
0.33693
0.48151
0.33693
0.40721
0.33693
0.40721
0.33693
0.33693
0.33693
0.21755
0.33693
0.40721
0.27319
0.33693
0.40721
0.33693
0.33693
0.40721
0.27319
0.40721
0.27319
0.21755
0.27319
0.40721
0.27319
0.21755
0.27319
0.40721
0.40721
0.21755
0.33693
0.27319
0.27319
0.40721
0.33693
0.27319
0.33693
0.33693
0.40721
0.27319
0.40721
0.40721
0.40721
0.27319
0.40721
0.40721
0.33693
0.40721
0.33693
0.36948
0.36948
0.36948
0.36948
0.36948
0.36948
0.36948
0.36948
0.36948
0.36948
0.36948
0.36948
0.36948
0.36948
0.36948
0.36948
0.36948
0.36948
0.36948
0.36948
0.36948
0.36948
0.36948
0.36948
0.36948
0.36948
0.36948
0.36948
0.36948
0.36948
0.36948
0.36948
0.36948
0.36948
0.36948
0.36948
0.36948
0.36948
0.36948
0.36948
0.36948
0.36948
0.36948
0.36948
0.36948
0.36948
0.36948
0.36948
0.36948
0.36948
0.36948
0.36948
0.36948
0.36948
0.36948
0.36948
0.36948
0.36948
0.36948
0.36948
0.36948
0.36948
0.36948
0.36948
0.36948
0.36948
0.36948
0.36948
0.36948
0.36948
0.36948
0.36948
0.36948
0.36948
0.36948
0.36948
0.36948
0.36948
0.36948
0.36948
0.36948
0.36948
0.36948
0.36948
0.36948
0.36948
0.36948
0.36948
0.36948
0.36948
0.36948
0.36948
0.36948
0.36948
0.36948
0.36948
0.36948
0.36948
0.36948
0.36948
0.36948
0.36948
0.36948
0.36948
0.36948
0.36948
0.36948
0.36948
0.36948
0.36948
0.36948
0.36948
0.36948
0.36948
0.36948
0.36948
0.36948
0.36948
0.36948
0.36948
0.36948
0.36948
0.36948
0.36948
0.36948
0.36948
0.36948
0.36948
0.36948
0.36948
0.36948
0.36948
0.36948
0.36948
0.36948
0.36948
0.36948
0.36948
0.36948
0.36948
0.36948
0.36948
0.36948
0.36948
0.36948
0.36948
0.36948
0.36948
0.36948
0.36948
0.36948
0.36948
0.36948
0.36948
0.36948
0.36948
0.36948
0.36948
0.36948
0.36948
0.36948
0.36948
0.36948
0.36948
0.36948
0.36948
0.36948
0.36948
0.36948
0.36948
0.36948
0.36948
0.36948
0.36948
0.36948
0.36948
0.36948
0.36948
0.36948
0.36948
0.36948
0.36948
0.36948
0.36948
0.36948
0.36948
0.36948
0.36948
0.36948
0.36948
0.36948
0.36948
0.36948
0.36948
0.36948
0.36948
0.36948
0.36948
0.36948
0.36948
0.36948
0.36948
0.36948
0.36948
0.36948
0.36948
0.36948
0.36948
0.36948
0.36948
0.36948
0.36948
0.36948
0.36948
0.36948
0.36948
0.36948
0.36948
0.36948
0.36948
0.36948
0.36948
0.36948
0.36948
0.36948
0.36948
0.36948
0.36948
0.36948
0.36948
0.36948
0.36948
0.36948
0.36948
0.36948
0.36948
0.36948
0.36948
0.36948
0.36948
0.36948
0.36948
0.36948
0.36948
0.36948
0.36948
0.36948
0.36948
0.36948
0.50978
0.2208
0.082211
0.74962
0.6964
0.61511
0.51767
0.75795
0.43934
0.28746
0.42129
0.58478
0.7158
0.32556
0.70581
0.35489
0.80922
0.75795
0.6964
0.58267
0.56043
0.74798
0.089551
0.50978
0.32556
0.58478
0.80922
0.24161
0.25917
0.80341
0.32556
0.58478
0.32556
0.58478
0.19871
0.33378
0.2893
0.29368
0.19871
0.80341
0.51767
0.6073
0.10135
0.34643
0.24161
0.24161
0.32556
0.37035
0.58478
0.29368
0.32556
0.4916
0.71236
0.64568
0.082211
0.45043
0.24492
0.45124
0.2893
0.51767
0.63534
0.48038
0.53104
0.12206
0.70581
0.25917
0.75635
0.32556
0.65673
0.70581
0.40731
0.70581
0.12206
0.4916
0.56043
0.80922
0.32556
0.32556
0.45124
0.45124
0.32556
0.52887
0.32556
0.32556
0.49557
0.63534
0.31507
0.45043
0.57567
0.64568
0.30318
0.4916
0.45124
0.73114
0.48038
0.74962
0.12206
0.13244
0.66678
0.32556
0.082211
0.39866
0.60443
0.32556
0.19871
0.32556
0.40731
0.74962
0.53104
0.80341
0.48038
0.24492
0.45124
0.70581
0.53104
0.74798
0.66871
0.22863
0.53104
0.32556
0.51767
0.2893
0.24492
0.36444
0.32556
0.74798
0.64568
0.58478
0.2893
0.24161
0.6964
0.53104
0.75635
0.2893
0.58267
0.40731
0.20048
0.24161
0.2893
0.75635
0.63534
0.32556
0.74962
0.56043
0.2893
0.24161
0.41983
0.64568
0.58478
0.75635
0.51767
0.64568
0.12206
0.74962
0.24492
0.56043
0.2893
0.80341
0.51767
0.2893
0.34643
0.58478
0.75635
0.58478
0.64568
0.4916
0.64767
0.53312
0.72321
0.39722
0.66678
0.13244
0.54154
0.63534
0.54154
0.65673
0.70581
0.58267
0.45124
0.32556
0.32556
0.2893
0.70581
0.61511
0.43934
0.58478
0.24161
0.24492
0.35489
0.4916
0.6964
0.2208
0.70581
0.32556
0.2893
0.32556
0.19871
0.63534
0.43934
0.64568
0.34643
0.74798
0.51895
0.75635
0.32556
0.31345
0.51767
0.74798
0.55267
0.52887
0.52887
0.61511
0.21263
0.43934
0.19871
0.43934
0.13244
0.43934
0.51767
0.50978
0.6964
0.22863
0.23732
0.19871
0.28379
0.63534
0.7652
0.31507
0.33378
0.32556
0.12206
0.32556
0.24161
0.28746
0.28379
0.60012
0.72321
0.63701
0.32556
0.2208
0.63534
0.72321
0.20048
0.51498
0.2893
0.63534
0.71236
0.53104
0.55267
0.62235
0.51767
0.52887
0.41983
0.47449
0.44304
0.44304
0.44304
0.44304
0.44304
0.44304
0.44304
0.44304
0.44304
0.44304
0.44304
0.44304
0.44304
0.44304
0.44304
0.44304
0.44304
0.44304
0.44304
0.44304
0.44304
0.44304
0.44304
0.44304
0.44304
0.44304
0.44304
0.44304
0.44304
0.44304
0.44304
0.44304
0.44304
0.44304
0.44304
0.44304
0.44304
0.44304
0.44304
0.44304
0.44304
0.44304
0.44304
0.44304
0.44304
0.44304
0.44304
0.44304
0.44304
0.44304
0.44304
0.44304
0.44304
0.44304
0.44304
0.44304
0.44304
0.44304
0.44304
0.44304
0.44304
0.44304
0.44304
0.44304
0.44304
0.44304
0.44304
0.44304
0.44304
0.44304
0.44304
0.44304
0.44304
0.44304
0.44304
0.44304
0.44304
0.44304
0.44304
0.44304
0.44304
0.44304
0.44304
0.44304
0.44304
0.44304
0.44304
0.44304
0.44304
0.44304
0.44304
0.44304
0.44304
0.44304
0.44304
0.44304
0.44304
0.44304
0.44304
0.44304
0.44304
0.44304
0.44304
0.44304
0.44304
0.44304
0.44304
0.44304
0.44304
0.44304
0.44304
0.44304
0.44304
0.44304
0.44304
0.44304
0.44304
0.44304
0.44304
0.44304
0.44304
0.44304
0.44304
0.44304
0.44304
0.44304
0.44304
0.44304
0.44304
0.44304
0.44304
0.44304
0.44304
0.44304
0.44304
0.44304
0.44304
0.44304
0.44304
0.44304
0.44304
0.44304
0.44304
0.44304
0.44304
0.44304
0.44304
0.44304
0.44304
0.44304
0.44304
0.44304
0.44304
0.44304
0.44304
0.44304
0.44304
0.44304
0.067086
0.79753
0.86371
0.81526
0.5149
0.54363
0.9052
0.89993
0.79534
0.76582
0.54687
0.54363
0.46076
0.79662
0.8796
0.40573
0.86018
0.51507
0.90824
0.93942
0.81785
0.82555
0.78055
0.067086
0.51507
0.58667
0.89664
0.49843
0.70579
0.26718
0.63589
0.85203
0.14311
0.81526
0.14458
0.46076
0.9024
0.82315
0.93471
0.84316
0.30606
0.66376
0.60919
0.092356
0.12076
0.37431
0.14458
0.28884
0.14458
0.17793
0.38653
0.30447
0.38885
0.84409
0.92387
0.62375
0.57389
0.65248
0.47051
0.63589
0.48943
0.51263
0.090941
0.51252
0.76582
0.53142
0.66316
0.49951
0.61957
0.75721
0.067086
0.90324
0.82315
0.48943
0.76097
0.47051
0.72979
0.81526
0.94633
0.14311
0.62764
0.59443
0.66316
0.45664
0.74348
0.74348
0.33678
0.74204
0.76546
0.33678
0.76546
0.76546
0.76546
0.76613
0.70625
0.76613
0.76546
0.58632
0.70625
0.76478
0.74204
0.51174
0.76546
0.51362
0.76613
0.76613
0.74204
0.51174
0.80352
0.76478
0.76613
0.74204
0.78282
0.63977
0.78282
0.74348
0.74348
0.56679
0.80172
0.76478
0.80172
0.74276
0.74276
0.76613
0.70782
0.58815
0.78282
0.63977
0.70704
0.76546
0.76546
0.70782
0.76613
0.76613
0.70782
0.51174
0.76546
0.74204
0.74132
0.76613
0.76478
0.70704
0.76613
0.70704
0.74204
0.76478
0.33678
0.76613
0.76478
0.68104
0.74276
0.76546
0.76613
0.80232
0.63802
0.76613
0.76546
0.76478
0.74348
0.76478
0.76478
0.74204
0.56679
0.74276
0.74276
0.75079
0.74204
0.80292
0.74276
0.76546
0.76546
0.76613
0.70704
0.58632
0.78218
0.76546
0.63802
0.76478
0.74204
0.76546
0.76546
0.76546
0.80352
0.70704
0.76478
0.58632
0.78282
0.76478
0.58723
0.74348
0.76681
0.80232
0.64064
0.76546
0.74276
0.80172
0.58632
0.56679
0.76546
0.78282
0.76546
0.76546
0.70625
0.76478
0.74276
0.78154
0.76546
0.76546
0.74276
0.80292
0.76478
0.74938
0.51174
0.74276
0.76546
0.80232
0.74276
0.33678
0.58632
0.74276
0.74938
0.74204
0.74276
0.64064
0.58723
0.70625
0.74132
0.80232
0.76478
0.76546
0.76613
0.78346
0.76546
0.76478
0.78282
0.76478
0.63977
0.76681
0.58632
0.74204
0.74276
0.76478
0.80232
0.76478
0.74938
0.76613
0.74276
0.76546
0.58632
0.76613
0.76546
0.74276
0.76613
0.76546
0.33678
0.76546
0.76546
0.51174
0.76478
0.80172
0.58632
0.68104
0.74348
0.76478
0.70625
0.70704
0.74276
0.76546
0.76478
0.75079
0.76613
0.76613
0.74276
0.74276
0.76613
0.76478
0.76546
0.78282
0.74276
0.76546
0.74276
0.80232
0.76546
0.76546
0.74276
0.76546
0.74276
0.74276
0.76546
0.76478
0.74276
0.76613
0.76613
0.74276
0.76478
0.76613
0.76546
0.70625
0.78346
0.66387
0.66387
0.66387
0.66387
0.66387
0.66387
0.66387
0.66387
0.66387
0.66387
0.66387
0.66387
0.66387
0.66387
0.66387
0.66387
0.66387
0.66387
0.66387
0.66387
0.66387
0.66387
0.66387
0.66387
0.66387
0.66387
0.66387
0.66387
0.66387
0.66387
0.66387
0.66387
0.66387
0.66387
0.66387
0.66387
0.66387
0.66387
0.66387
0.66387
0.66387
0.66387
0.66387
0.66387
0.66387
0.66387
0.66387
0.66387
0.66387
0.66387
0.66387
0.66387
0.66387
0.66387
0.66387
0.66387
0.66387
0.66387
0.66387
0.66387
0.66387
0.66387
0.66387
0.66387
0.66387
0.66387
0.66387
0.66387
0.66387
0.66387
0.66387
0.66387
0.66387
0.66387
0.66387
0.66387
0.66387
0.66387
0.66387
0.66387
0.66387
0.66387
0.66387
0.66387
0.66387
0.66387
0.66387
0.66387
0.66387
0.66387
0.66387
0.66387
0.66387
0.66387
0.66387
0.66387
0.66387
0.66387
0.66387
0.66387
0.66387
0.66387
0.66387
0.66387
0.66387
0.66387
0.66387
0.66387
0.66387
0.66387
0.66387
0.66387
0.66387
0.66387
0.66387
0.66387
0.66387
0.66387
0.66387
0.66387
0.66387
0.66387
0.66387
0.66387
0.66387
0.66387
0.66387
0.66387
0.66387
0.66387
0.66387
0.66387
0.66387
0.66387
0.66387
0.66387
0.66387
0.66387
0.66387
0.66387
0.66387
0.66387
0.66387
0.66387
0.66387
0.66387
0.66387
0.66387
0.66387
0.66387
0.66387
0.66387
0.66387
0.66387
0.66387
0.66387
0.66387
0.66387
0.66387
0.66387
0.66387
0.66387
0.66387
0.66387
0.66387
0.66387
0.66387
0.66387
0.66387
0.66387
0.66387
0.66387
0.66387
0.66387
0.66387
0.66387
0.66387
0.66387
0.66387
0.66387
0.66387
0.66387
0.66387
0.66387
0.66387
0.66387
0.66387
0.66387
0.66387
0.66387
0.66387
0.66387
0.66387
0.66387
0.66387
0.66387
0.66387
0.66387
0.66387
0.66387
0.66387
0.66387
0.66387
0.66387
0.66387
0.66387
0.66387
0.66387
0.66387
0.66387
0.66387
0.66387
0.66387
0.66387
0.66387
0.66387
0.66387
0.66387
0.66387
0.66387
0.66387
0.66387
0.66387
0.66387
0.66387
0.66387
0.66387
0.66387
0.66387
0.66387
0.66387
0.66387
0.66387
0.66387
0.66387
0.66387
0.66387
0.66387
0.18635
0.47832
0.33923
0.48261
0.39988
0.42663
0.43528
0.48261
0.58191
0.43528
0.50786
0.28618
0.6334
0.33923
0.40838
0.62113
0.47832
0.31069
0.28618
0.6334
0.43106
0.36909
0.60848
0.16046
0.33923
0.40424
0.62517
0.18635
0.42663
0.31069
0.43106
0.18635
0.43528
0.50786
0.49596
0.49143
0.62517
0.39988
0.50026
0.21958
0.58191
0.44398
0.30123
0.61686
0.30739
0.58191
0.36091
0.29257
0.6334
0.50026
0.18635
0.62517
0.31069
0.6334
0.6334
0.35696
0.16046
0.62517
0.43528
0.30739
0.62517
0.31069
0.6334
0.62517
0.50026
0.18635
0.41801
0.33923
0.59898
0.39577
0.20626
0.44398
0.20347
0.18635
0.29257
0.39988
0.28618
0.33923
0.50786
0.15816
0.44398
0.50026
0.20347
0.50026
0.39988
0.43528
0.62517
0.50786
0.44398
0.42243
0.62517
0.39577
0.49596
0.61686
0.29513
0.48261
0.30739
0.29257
0.33923
0.30123
0.6334
0.29513
0.48261
0.59898
0.29513
0.35696
0.58191
0.60848
0.29513
0.36091
0.36091
0.62517
0.40838
0.20626
0.6294
0.62517
0.59047
0.50026
0.38307
0.42663
0.49596
0.44398
0.42663
0.40424
0.43106
0.40838
0.43528
0.36091
0.50026
0.40838
0.62517
0.58191
0.48714
0.30739
0.50786
0.6334
0.61686
0.44398
0.28268
0.62517
0.6334
0.43528
0.44398
0.50026
0.62517
0.6334
0.33923
0.30739
0.6334
0.59898
0.29257
0.43528
0.50026
0.43106
0.18635
0.47832
0.43528
0.43528
0.62517
0.6294
0.44398
0.29513
0.48261
0.62517
0.49596
0.18376
0.18376
0.43528
0.50026
0.59898
0.62517
0.18635
0.44398
0.43528
0.43528
0.6334
0.48261
0.44398
0.48063
0.43528
0.31069
0.39988
0.48261
0.50026
0.47832
0.59898
0.20347
0.6294
0.30375
0.48492
0.29257
0.6334
0.62517
0.40838
0.30739
0.58191
0.18635
0.44398
0.40424
0.31069
0.48714
0.62517
0.28268
0.18376
0.33923
0.43528
0.15576
0.62517
0.6334
0.6334
0.6294
0.48261
0.6334
0.29257
0.62517
0.59485
0.3651
0.29513
0.50026
0.29257
0.41694
0.58191
0.62113
0.45089
0.75758
0.75758
0.75758
0.75758
0.75758
0.75758
0.75758
0.75758
0.75758
0.75758
0.75758
0.75758
0.75758
0.75758
0.75758
0.75758
0.75758
0.75758
0.75758
0.75758
0.75758
0.75758
0.75758
0.75758
0.75758
0.75758
0.75758
0.75758
0.75758
0.75758
0.75758
0.75758
0.75758
0.75758
0.75758
0.75758
0.75758
0.75758
0.75758
0.75758
0.75758
0.75758
0.75758
0.75758
0.75758
0.75758
0.75758
0.75758
0.75758
0.75758
0.75758
0.75758
0.75758
0.75758
0.75758
0.75758
0.75758
0.75758
0.75758
0.75758
0.75758
0.75758
0.75758
0.75758
0.75758
0.75758
