0.93333
0.93333
0.93333
0.93333
0.93333
0.93333
0.93333
0.93333
0.93333
0.93333
0.93333
0.93333
0.93333
0.93333
0.93333
0.93333
0.93333
0.93333
0.93333
0.93333
0.93333
0.93333
0.93333
0.93333
0.93333
0.93333
0.93333
0.93333
0.93333
0.93333
0.93333
0.93333
0.93333
0.93333
0.93333
0.93333
0.93333
0.93333
0.93333
0.93333
0.93333
0.93333
0.93333
0.93333
0.93333
0.21829
0.24705
0.27327
0.20415
0.14072
0.21829
0.24705
0.36297
0.15561
0.24705
0.29732
0.27327
0.24705
0.27989
0.12233
0.27327
0.19882
0.36297
0.16248
0.27989
0.21829
0.24244
0.27327
0.17799
0.27327
0.29732
0.47158
0.21829
0.21829
0.27327
0.19882
0.15561
0.14072
0.40298
0.14072
0.24244
0.36297
0.27989
0.27989
0.24705
0.32657
0.29732
0.27989
0.29732
0.24244
0.17437
0.29732
0.24705
0.32657
0.24244
0.47158
0.24244
0.29732
0.17799
0.27327
0.17437
0.47158
0.21829
0.24705
0.29732
0.24244
0.27327
0.47158
0.47158
0.14072
0.24244
0.33207
0.29732
0.17437
0.29732
0.19882
0.19882
0.14072
0.27989
0.19882
0.21829
0.19882
0.15561
0.29732
0.32657
0.24244
0.24705
0.24244
0.19882
0.27989
0.21829
0.33207
0.14072
0.17799
0.27989
0.19882
0.12233
0.36297
0.21829
0.24705
0.19882
0.17437
0.47158
0.29732
0.19882
0.14072
0.17437
0.19882
0.33207
0.21829
0.39067
0.19882
0.27327
0.24244
0.47158
0.21829
0.27989
0.47158
0.27327
0.30817
0.40298
0.36297
0.47158
0.47158
0.40298
0.27989
0.39067
0.27989
0.14072
0.30817
0.17437
0.29732
0.17799
0.29732
0.33207
0.27327
0.27327
0.29732
0.24705
0.16248
0.24705
0.30817
0.14072
0.19882
0.47158
0.30817
0.19882
0.29732
0.24244
0.24705
0.24705
0.29732
0.24244
0.27327
0.17799
0.27327
0.30817
0.21829
0.14072
0.29732
0.16248
0.12233
0.47158
0.27327
0.33207
0.19882
0.24244
0.29732
0.36297
0.27989
0.29732
0.27989
0.19882
0.39067
0.29732
0.27989
0.27327
0.24244
0.29732
0.24244
0.19882
0.14072
0.27327
0.27327
0.47158
0.17437
0.33207
0.27327
0.30817
0.47158
0.27327
0.47158
0.47158
0.32657
0.27327
0.47158
0.20415
0.15561
0.30817
0.17437
0.39067
0.27327
0.27989
0.14072
0.24244
0.19882
0.40298
0.24244
0.29732
0.17437
0.27327
0.19882
0.27989
0.33207
0.24705
0.27989
0.24244
0.15561
0.32657
0.21829
0.21829
0.47158
0.17799
0.36297
0.24244
0.36297
0.19882
0.21829
0.21829
0.24705
0.19882
0.16248
0.24244
0.19882
0.24705
0.27989
0.24244
0.30817
0.19882
0.19882
0.14072
0.19882
0.24244
0.21829
0.29732
0.40298
0.24705
0.24244
0.27327
0.24705
0.21829
0.40298
0.32657
0.19882
0.20415
0.47158
0.24705
0.24244
0.29732
0.21829
0.24244
0.30817
0.47158
0.40298
0.19882
0.40298
0.32657
0.21829
0.27989
0.19882
0.14072
0.47158
0.30817
0.050347
0.83316
0.44475
0.89833
0.50928
0.43523
0.54847
0.71615
0.82365
0.86138
0.92249
0.67897
0.58867
0.26047
0.74284
0.89034
0.74809
0.51332
0.44267
0.15252
0.095997
0.34131
0.8809
0.97941
0.27126
0.34987
0.29728
0.032609
0.44262
0.10321
0.73281
0.49469
0.86162
0.31898
0.37575
0.90945
0.046474
0.74986
0.33733
0.70045
0.55464
0.3862
0.031724
0.94869
0.068549
0.33513
0.43452
0.88334
0.34785
0.80107
0.89414
0.63973
0.5709
0.41763
0.91792
0.84249
0.87536
0.14039
0.082238
0.55958
0.073139
0.0631
0.82365
0.17456
0.025273
0.83316
0.083027
0.33513
0.1648
0.92123
0.88317
0.81488
0.099857
0.60431
0.021118
0.27093
0.09376
0.9096
0.87477
0.48045
0.74809
0.28293
0.36338
0.19555
0.063835
0.15067
0.37293
0.8886
0.95135
0.84174
0.40152
0.32714
0.041368
0.84249
0.27126
0.74305
0.81527
0.88373
0.37045
0.33428
0.035542
0.44267
0.69474
0.65188
0.1297
0.38925
0.3018
0.025476
0.86927
0.44262
0.8697
0.81995
0.041171
0.95135
0.45224
0.94201
0.78698
0.82098
0.30892
0.4689
0.25154
0.04139
0.15102
0.93075
0.85117
0.19482
0.85716
0.12829
0.69512
0.9255
0.89006
0.71252
0.82365
0.25876
0.85856
0.32112
0.77729
0.22062
0.082858
0.036967
0.66691
0.17456
0.84174
0.94075
0.12003
0.38788
0.94483
0.17004
0.88151
0.21601
0.2992
0.514
0.83648
0.44178
0.70121
0.84249
0.60927
0.28349
0.89833
0.89858
0.2839
0.52274
0.90428
0.81976
0.91474
0.25154
0.43523
0.29598
0.32512
0.71895
0.85898
0.12003
0.41078
0.076936
0.90369
0.20889
0.6178
0.89858
0.39527
0.69415
0.37024
0.44267
0.69622
0.51802
0.95436
0.6745
0.36318
0.89946
0.65188
0.36246
0.18361
0.20477
0.068725
0.83247
0.85577
0.17456
0.3939
0.91249
0.36019
0.14354
0.15193
0.025595
0.11853
0.5772
0.021118
0.41288
0.84249
0.26478
0.44262
0.36341
0.95837
0.87477
0.021118
0.45138
0.063262
0.61529
0.43523
0.26478
0.42827
0.76687
0.6745
0.09376
0.073139
0.65188
0.30514
0.91693
0.7654
0.31898
0.092547
0.51355
0.83247
0.81259
0.22917
0.83644
0.45163
0.74809
0.16587
0.83644
0.61197
0.7949
0.88805
0.86927
0.5394
0.45224
0.6111
0.54591
0.514
0.44262
0.83681
0.89551
0.8697
0.31951
0.54535
0.18013
0.76393
0.47681
0.8914
0.15899
0.90033
0.86958
0.25154
0.6745
0.31951
0.83247
0.25791
0.083067
0.89599
0.15216
0.86927
0.86927
0.91551
0.87974
0.92222
0.71274
0.72575
0.56709
0.6142
0.22624
0.71274
0.87974
0.59579
0.77933
0.37354
0.20624
0.8651
0.54488
0.55086
0.29445
0.46604
0.86521
0.77924
0.72575
0.56709
0.42241
0.87313
0.39972
0.57984
0.35448
0.3153
0.74926
0.8726
0.61204
0.25291
0.52151
0.69422
0.50259
0.8798
0.53622
0.72575
0.91737
0.68505
0.87151
0.25291
0.77924
0.87974
0.38516
0.69106
0.57984
0.65636
0.79449
0.84709
0.28056
0.64147
0.54266
0.34634
0.56706
0.57984
0.72594
0.71683
0.85735
0.73364
0.84709
0.74376
0.76973
0.41954
0.80496
0.85078
0.77243
0.63753
0.70184
0.76973
0.56049
0.53567
0.49878
0.67094
0.29934
0.24189
0.70555
0.85735
0.85735
0.86521
0.28036
0.56709
0.63073
0.8798
0.56488
0.56709
0.41954
0.65778
0.74376
0.53791
0.72062
0.58934
0.56709
0.84709
0.74032
0.84709
0.72643
0.67451
0.72594
0.27517
0.56049
0.85078
0.80496
0.3153
0.85266
0.31423
0.31956
0.3153
0.79449
0.26746
0.66572
0.80087
0.66699
0.42265
0.25291
0.41954
0.53791
0.86668
0.60618
0.17274
0.14829
0.55184
0.55184
0.16325
0.52746
0.55184
0.55184
0.52746
0.33646
0.31491
0.57241
0.18501
0.31491
0.35536
0.35536
0.46876
0.52746
0.35536
0.57241
0.57241
0.18501
0.35536
0.17274
0.29716
0.33646
0.29716
0.085492
0.33646
0.33646
0.29716
0.57241
0.07918
0.55184
0.35536
0.55184
0.29716
0.55184
0.55184
0.35536
0.17274
0.46876
0.14829
0.55184
0.28318
0.18501
0.57241
0.17274
0.55184
0.57241
0.28318
0.57241
0.18501
0.33646
0.18501
0.57241
0.14829
0.31491
0.57241
0.57241
0.085492
0.35536
0.14829
0.52746
0.57241
0.28318
0.55184
0.29716
0.14829
0.35536
0.17274
0.17274
0.066903
0.35536
0.55184
0.57241
0.31491
0.17274
0.17274
0.29716
0.57241
0.57241
0.33646
0.18501
0.31491
0.35536
0.55184
0.55184
0.35536
0.35536
0.17274
0.7305
0.35536
0.085492
0.57241
0.17274
0.18501
0.57241
0.55184
0.33646
0.31491
0.31491
0.14829
0.085492
0.57241
0.17274
0.57241
0.31491
0.57241
0.55184
0.57241
0.57241
0.17274
0.33646
0.39535
0.39535
0.39535
0.39535
0.39535
0.39535
0.39535
0.39535
0.39535
0.39535
0.39535
0.39535
0.39535
0.39535
0.39535
0.39535
0.39535
0.39535
0.39535
0.39535
0.39535
0.39535
0.39535
0.39535
0.39535
0.39535
0.39535
0.39535
0.39535
0.39535
0.39535
0.39535
0.39535
0.39535
0.39535
0.39535
0.39535
0.39535
0.39535
0.39535
0.39535
0.39535
0.39535
0.39535
0.39535
0.39535
0.39535
0.39535
0.39535
0.39535
0.39535
0.39535
0.39535
0.39535
0.39535
0.39535
0.39535
0.39535
0.39535
0.39535
0.39535
0.39535
0.39535
0.39535
0.39535
0.39535
0.39535
0.39535
0.39535
0.39535
0.39535
0.39535
0.39535
0.39535
0.39535
0.39535
0.39535
0.39535
0.39535
0.39535
0.39535
0.39535
0.39535
0.39535
0.39535
0.39535
0.39535
0.39535
0.39535
0.39535
0.39535
0.39535
0.39535
0.39535
0.39535
0.39535
0.39535
0.39535
0.39535
0.39535
0.39535
0.39535
0.39535
0.39535
0.39535
0.39535
0.39535
0.39535
0.39535
0.39535
0.39535
0.39535
0.39535
0.39535
0.39535
0.39535
0.39535
0.39535
0.39535
0.39535
0.39535
0.39535
0.39535
0.39535
0.39535
0.39535
0.39535
0.39535
0.39535
0.39535
0.39535
0.39535
0.39535
0.39535
0.39535
0.39535
0.39535
0.39535
0.39535
0.39535
0.39535
0.39535
0.39535
0.39535
0.39535
0.39535
0.39535
0.39535
0.39535
0.39535
0.39535
0.39535
0.39535
0.39535
0.39535
0.39535
0.39535
0.39535
0.39535
0.39535
0.39535
0.39535
0.39535
0.39535
0.39535
0.39535
0.39535
0.39535
0.39535
0.39535
0.39535
0.39535
0.39535
0.39535
0.39535
0.39535
0.39535
0.39535
0.39535
0.39535
0.39535
0.39535
0.39535
0.39535
0.39535
0.39535
0.39535
0.39535
0.39535
0.39535
0.39535
0.39535
0.39535
0.39535
0.39535
0.39535
0.39535
0.39535
0.39535
0.39535
0.39535
0.39535
0.39535
0.39535
0.39535
0.39535
0.39535
0.39535
0.39535
0.39535
0.39535
0.39535
0.39535
0.39535
0.39535
0.39535
0.39535
0.39535
0.39535
0.39535
0.39535
0.39535
0.39535
0.39535
0.39535
0.39535
0.39535
0.39535
0.39535
0.39535
0.39535
0.39535
0.39535
0.39535
0.39535
0.39535
0.39535
0.39535
0.39535
0.39535
0.39535
0.39535
0.39535
0.39535
0.39535
0.39535
0.39535
0.39535
0.39535
0.39535
0.39535
0.39535
0.39535
0.39535
0.39535
0.39535
0.39535
0.39535
0.33947
0.29251
0.16541
0.69773
0.23954
0.1005
0.64496
0.24065
0.23048
0.72753
0.48949
0.60233
0.36354
0.25664
0.67197
0.23954
0.5843
0.37876
0.65615
0.21858
0.30663
0.53662
0.63354
0.20406
0.80445
0.40696
0.30898
0.16541
0.37997
0.54855
0.27925
0.66668
0.61531
0.26428
0.26428
0.67197
0.59493
0.68652
0.69207
0.11105
0.65615
0.55998
0.42105
0.59197
0.76324
0.65615
0.50263
0.36238
0.24708
0.17049
0.64496
0.38572
0.25834
0.24588
0.65484
0.21907
0.60233
0.64496
0.30649
0.2366
0.20826
0.53583
0.45725
0.4763
0.60306
0.23954
0.31375
0.55998
0.74697
0.63301
0.62609
0.39177
0.21858
0.45725
0.69142
0.20406
0.56074
0.57576
0.1517
0.42816
0.36973
0.71308
0.27925
0.59598
0.52979
0.47025
0.41034
0.62925
0.20642
0.72334
0.29023
0.20235
0.53309
0.73051
0.7417
0.49477
0.18956
0.29251
0.66668
0.84311
0.24503
0.2422
0.26428
0.76748
0.17264
0.57144
0.43373
0.66668
0.5123
0.82321
0.29517
0.1275
0.50143
0.64485
0.52781
0.66553
0.39067
0.61354
0.15312
0.26306
0.28267
0.21255
0.52979
0.53309
0.74905
0.20406
0.727
0.7774
0.84164
0.53583
0.37876
0.54974
0.73958
0.64278
0.39067
0.49285
0.68135
0.82321
0.42526
0.3406
0.30753
0.67197
0.49477
0.63557
0.33942
0.49477
0.61295
0.69377
0.60863
0.24519
0.59493
0.26626
0.16537
0.68771
0.71471
0.72174
0.20549
0.43359
0.69894
0.62609
0.58088
0.59332
0.74148
0.52474
0.13452
0.7417
0.20824
0.58088
0.25664
0.22771
0.24588
0.61531
0.49561
0.16663
0.68938
0.24065
0.4763
0.46553
0.40654
0.64568
0.27925
0.25664
0.78815
0.50468
0.41486
0.24708
0.33001
0.48949
0.71697
0.41335
0.82321
0.39067
0.25385
0.63557
0.63182
0.65365
0.53936
0.41015
0.53936
0.55103
0.82321
0.7605
0.65365
0.62609
0.62616
0.28267
0.47355
0.32895
0.19895
0.69377
0.78815
0.21066
0.17135
0.65768
0.64496
0.29994
0.48436
0.53309
0.44061
0.33896
0.43087
0.58373
0.41283
0.46411
0.29251
0.5846
0.81675
0.23754
0.63354
0.40102
0.72202
0.38919
0.27912
0.27925
0.57414
0.41283
0.6224
0.16389
0.57875
0.27912
0.43789
0.21733
0.18956
0.64278
0.65489
0.20821
0.68942
0.27469
0.68938
0.4027
0.20057
0.62609
0.66553
0.25664
0.15195
0.57123
0.27337
0.24708
0.6361
0.62565
0.44424
0.58088
0.60233
0.24708
0.86076
0.86076
0.86076
0.86076
0.86076
0.86076
0.86076
0.86076
0.86076
0.86076
0.86076
0.86076
0.86076
0.86076
0.86076
0.86076
0.86076
0.86076
0.86076
0.86076
0.86076
0.86076
0.86076
0.86076
0.86076
0.86076
0.86076
0.86076
0.86076
0.86076
0.86076
0.86076
0.86076
0.86076
0.86076
0.86076
0.86076
0.86076
0.86076
0.86076
0.86076
0.86076
0.86076
0.86076
0.86076
0.86076
0.86076
0.86076
0.86076
0.86076
0.86076
0.86076
0.86076
0.86076
0.86076
0.86076
0.86076
0.86076
0.86076
0.86076
0.86076
0.86076
0.86076
0.86076
0.86076
0.86076
0.86076
0.86076
0.86076
0.86076
0.86076
0.86076
0.86076
0.86076
0.86076
0.86076
0.86076
0.86076
0.86076
0.42857
0.42857
0.42857
0.42857
0.42857
0.42857
0.42857
0.42857
0.42857
0.42857
0.42857
0.42857
0.42857
0.42857
0.42857
0.42857
0.42857
0.42857
0.42857
0.42857
0.42857
0.42857
0.42857
0.42857
0.42857
0.42857
0.42857
0.42857
0.42857
0.42857
0.42857
0.42857
0.42857
0.42857
0.42857
0.42857
0.42857
0.42857
0.42857
0.42857
0.42857
0.42857
0.42857
0.42857
0.42857
0.42857
0.42857
0.42857
0.42857
0.42857
0.42857
0.42857
0.42857
0.42857
0.42857
0.42857
0.42857
0.42857
0.42857
0.42857
0.42857
0.42857
0.42857
0.42857
0.42857
0.42857
0.42857
0.42857
0.42857
0.42857
0.42857
0.42857
0.42857
0.42857
0.42857
0.42857
0.42857
0.42857
0.42857
0.42857
0.42857
0.42857
0.42857
0.42857
0.42857
0.42857
0.42857
0.42857
0.42857
0.42857
0.42857
0.42857
0.42857
0.42857
0.42857
0.42857
0.42857
0.42857
0.42857
0.42857
0.42857
0.42857
0.42857
0.42857
0.42857
0.42857
0.42857
0.42857
0.42857
0.42857
0.42857
0.42857
0.42857
0.42857
0.42857
0.42857
0.42857
0.42857
0.42857
0.42857
0.42857
0.42857
0.42857
0.42857
0.42857
0.42857
0.42857
0.42857
0.42857
0.42857
0.42857
0.42857
0.42857
0.42857
0.42857
0.42857
0.42857
0.42857
0.42857
0.42857
0.42857
0.42857
0.42857
0.42857
0.42857
0.42857
0.42857
0.42857
0.42857
0.42857
0.42857
0.42857
0.42857
0.42857
0.42857
0.42857
0.42857
0.42857
0.42857
0.42857
0.42857
0.42857
0.42857
0.42857
0.42857
0.42857
0.42857
0.42857
0.42857
0.42857
0.42857
0.42857
0.42857
0.42857
0.42857
0.42857
0.42857
0.42857
0.42857
0.42857
0.42857
0.42857
0.38783
0.67202
0.88966
0.28392
0.53995
0.6886
0.43096
0.57548
0.75181
0.79576
0.58749
0.74231
0.7304
0.64547
0.90442
0.65676
0.6886
0.75181
0.43082
0.31274
0.45134
0.54511
0.76686
0.89558
0.60237
0.66849
0.6886
0.48898
0.81547
0.74012
0.9449
0.25301
0.13622
0.79289
0.87494
0.81556
0.67202
0.81556
0.87494
0.1997
0.81547
0.90442
0.39858
0.47657
0.85297
0.79289
0.2858
0.28903
0.79279
0.79279
0.71524
0.81547
0.52513
0.76686
0.81556
0.69046
0.13622
0.41596
0.48912
0.61843
0.89122
0.77772
0.73051
0.13622
0.18538
0.77772
0.84425
0.89122
0.87494
0.13622
0.43082
0.80381
0.65689
0.4038
0.47657
0.85297
0.62192
0.31286
0.18538
0.81547
0.48912
0.79279
0.71524
0.41596
0.64547
0.43096
0.65689
0.73051
0.79289
0.85297
0.58749
0.52499
0.60237
0.79289
0.74231
0.85297
0.66849
0.6886
0.76686
0.54511
0.70396
0.76557
0.48229
0.72224
0.83031
0.83031
0.83031
0.80154
0.76557
0.62819
0.81734
0.40417
0.83031
0.81537
0.76557
0.74667
0.83031
0.78122
0.46003
0.76557
0.81734
0.78122
0.76557
0.40417
0.48229
0.83031
0.70396
0.45948
0.83031
0.81537
0.78122
0.57416
0.70396
0.7632
0.81734
0.76557
0.81734
0.81537
0.70396
0.70396
0.83031
0.7632
0.78122
0.62819
0.80154
0.40417
0.80154
0.81537
0.80154
0.76557
0.80154
0.64242
0.83031
0.76557
0.76557
0.76557
0.76557
0.76557
0.83031
0.81537
0.35684
0.7632
0.74667
0.78122
0.78122
0.70396
0.76557
0.76557
0.76557
0.70396
0.80154
0.70396
0.74667
0.78122
0.7632
0.78122
0.76557
0.83031
0.83031
0.78122
0.83031
0.78122
0.78122
0.80154
0.83031
0.48229
0.81734
0.81537
0.48229
0.7632
0.72224
0.48229
0.76557
0.80154
0.76557
0.81734
0.7632
0.80154
0.76557
0.76557
0.81537
0.62819
0.76557
0.76517
0.80154
0.83031
0.76557
0.64242
0.76517
0.57416
0.78122
0.74667
0.74667
0.76557
0.69291
0.40417
0.80154
0.40417
0.83031
0.40417
0.48229
0.76557
0.81734
0.78122
0.80154
0.74667
0.35684
0.57416
0.48229
0.81537
0.83031
0.80154
0.48229
0.80154
0.83031
0.83031
0.40417
0.83031
0.74667
0.81734
0.78122
0.76517
0.68215
0.48229
0.76557
0.76557
0.81734
0.76557
0.7632
0.57416
0.74667
0.76557
0.46003
0.83031
0.81537
0.7632
0.76557
0.81537
0.7632
0.78122
0.78122
0.74667
0.83031
0.76557
0.76517
0.40417
0.83031
0.78122
0.7632
0.70396
0.76557
0.83031
0.72224
0.35684
0.81734
0.7632
0.76557
0.35684
0.83031
0.74667
0.83031
0.46003
0.83031
0.74667
0.80154
0.74667
0.80154
0.83031
0.83031
0.83031
0.48229
0.80154
0.80154
0.76557
0.76517
0.40417
0.80154
0.40417
0.74667
0.7632
0.83031
0.76557
0.76557
0.76557
0.46003
0.81734
0.7632
0.81537
0.81734
0.76557
0.76557
0.74667
0.81734
0.76557
0.81734
0.83031
0.81537
0.80154
0.68215
0.76557
0.78122
0.78122
0.78122
0.70396
0.80154
0.76517
0.48229
0.80154
0.72224
0.83031
0.6551
0.61986
0.66348
0.6551
0.6551
0.67086
0.66348
0.66348
0.6551
0.50892
0.61986
0.6551
0.67086
0.46153
0.50892
0.49129
0.67086
0.49129
0.67086
0.6551
0.67086
0.66348
0.49129
0.49129
0.49129
0.6551
0.49129
0.6551
0.6551
0.49129
0.67086
0.46153
0.6551
0.61986
0.61986
0.67086
0.64755
0.64755
0.50892
0.49129
0.62766
0.61986
0.63634
0.6551
0.6551
0.61986
0.6551
0.61986
0.67086
0.67086
0.61986
0.6551
0.66348
0.46153
0.66348
0.61986
0.67086
0.6551
0.6551
0.67086
0.6551
0.67086
0.66348
0.6551
0.49129
0.66348
0.67086
0.50892
0.67086
0.67086
0.49129
0.6551
0.46153
0.62766
0.67086
0.67086
0.67086
0.63634
0.6551
0.6551
0.6551
0.6551
0.67086
0.49129
0.6551
0.6551
0.67086
0.61986
0.67086
0.67086
0.67086
0.49129
0.49129
0.50892
0.6551
0.66348
0.45922
0.67086
0.66348
0.6551
0.67086
0.67086
0.6551
0.6551
0.6551
0.63634
0.6551
0.67086
0.67086
0.66348
0.67086
0.49129
0.67086
0.61986
0.6551
0.66348
0.66348
0.49129
0.6551
0.50892
0.67086
0.67086
0.6551
0.6551
0.61986
0.6551
0.67086
0.62766
0.67086
0.61986
0.6551
0.67086
0.6551
0.50892
0.6551
0.67086
0.6551
0.61986
0.50892
0.67086
0.6551
0.67086
0.61986
0.6551
0.67086
0.66348
0.67086
0.67086
0.46153
0.49129
0.6551
0.67086
0.62766
0.50892
0.6551
0.6551
0.6551
0.66348
0.6551
0.66348
0.50892
0.46153
0.66348
0.46153
0.63634
0.66348
0.6551
0.6551
0.67086
0.49129
0.67086
0.6551
0.45922
0.67086
0.49129
0.66348
0.62766
0.67086
0.67086
0.67086
0.6551
0.6551
0.6551
0.6551
0.6551
0.66348
0.67086
0.6551
0.62766
0.50892
0.66348
0.66348
0.49129
0.67086
0.62766
0.67086
0.6551
0.6551
0.67086
0.6551
0.67086
0.49129
0.6551
0.61986
0.6551
0.6551
0.6551
0.66348
0.50892
0.67086
0.66348
0.67086
0.45922
0.6551
0.67086
0.6551
0.6551
0.6551
0.66348
0.66348
0.61986
0.49129
0.45922
0.62766
0.62766
0.6551
0.62766
0.67086
0.6551
0.66348
0.49129
0.66348
0.50892
0.6551
0.61986
0.67086
0.49129
0.62766
0.66348
0.67086
0.6551
0.61986
0.6551
0.67086
0.61986
0.49129
0.64755
0.49129
0.6551
0.6551
0.46153
0.67086
0.49129
0.6551
0.6551
0.67086
0.67086
0.55418
0.5487
0.08955
0.60483
0.37326
0.5487
0.51082
0.66981
0.37971
0.17357
0.1996
0.241
0.66981
0.63019
0.41219
0.42091
0.66981
0.49974
0.37971
0.37971
0.44469
0.2072
0.30182
0.55922
0.49974
0.44469
0.55418
0.3396
0.088512
0.29898
0.66981
0.31595
0.74531
0.29481
0.15659
0.21931
0.5487
0.30325
0.30325
0.17357
0.55418
0.5487
0.21948
0.58206
0.66981
0.55418
0.5487
0.54827
0.2072
0.55418
0.48398
0.71137
0.31595
0.13256
0.2072
0.51082
0.45628
0.59631
0.5487
0.1996
0.17357
0.2033
0.66981
0.3396
0.25464
0.26737
0.66981
0.37971
0.66981
0.4652
0.17357
0.51082
0.46896
0.66981
0.29898
0.49974
0.66981
0.11403
0.32625
0.51082
0.21591
0.5487
0.17357
0.11403
0.51082
0.1996
0.17357
0.63019
0.63019
0.3882
0.26737
0.66981
0.25464
0.60483
0.2033
0.45628
0.19393
0.32121
0.11403
0.28735
0.1177
0.37971
0.26737
0.49974
0.67431
0.44469
0.66981
0.70663
0.37326
0.4991
0.51082
0.11403
0.2072
0.66981
0.29898
0.66981
0.3396
0.42091
0.34589
0.2033
0.45628
0.47844
0.50485
0.5487
0.4211
0.59612
0.28497
0.55922
0.2072
0.5487
0.12993
0.57194
0.54827
0.29431
0.59631
0.70663
0.17357
0.33616
0.66981
0.34589
0.42979
0.66981
0.54257
0.56303
0.40554
0.55418
0.38494
0.37971
0.25031
0.57194
0.55418
0.29898
0.58745
0.5487
0.74531
0.55355
0.55418
0.5487
0.17357
0.42091
0.54467
0.55418
0.5487
0.2072
0.40752
0.64199
0.45628
0.3809
0.15357
0.49974
0.66981
0.3363
0.67431
0.12993
0.5487
0.51082
0.21315
0.31089
0.5487
0.30232
0.41757
0.1996
0.3477
0.55355
0.5487
0.71137
0.67431
0.74531
0.67431
0.51082
0.51082
0.51082
0.66981
0.49974
0.29898
0.55418
0.66981
0.21948
0.45018
0.19463
0.54257
0.19393
0.66981
0.60483
0.58206
0.3882
0.71137
0.66981
0.66981
0.17357
0.34131
0.30325
0.2072
0.40752
0.17357
0.66981
0.29898
0.66981
0.54763
0.49974
0.5487
0.69913
0.54467
0.2033
0.30325
0.44068
0.39686
0.17357
0.55418
0.5487
0.55418
0.31089
0.66981
0.12993
0.78205
0.78205
0.78205
0.78205
0.78205
0.78205
0.78205
0.78205
0.78205
0.78205
0.78205
0.78205
0.78205
0.78205
0.78205
0.78205
0.78205
0.78205
0.78205
0.78205
0.78205
0.78205
0.78205
0.78205
0.78205
0.78205
0.78205
0.78205
0.78205
0.78205
0.78205
0.78205
0.78205
0.78205
0.78205
0.78205
0.78205
0.78205
0.78205
0.78205
0.78205
0.78205
0.78205
0.78205
0.78205
0.78205
0.78205
0.78205
0.78205
0.78205
0.78205
0.78205
0.78205
0.78205
0.78205
0.78205
0.78205
0.78205
0.78205
0.78205
0.78205
0.78205
0.78205
0.78205
0.78205
0.78205
0.78205
0.78205
0.78205
0.78205
0.78205
0.78205
0.78205
0.78205
0.78205
0.78205
0.78205
0.78205
0.83501
0.14117
0.40673
0.43878
0.37925
0.79811
0.28167
0.26778
0.58032
0.79275
0.13547
0.4965
0.56611
0.73947
0.6827
0.70272
0.60903
0.52259
0.7459
0.28652
0.3859
0.52204
0.77022
0.37925
0.80621
0.58032
0.80621
0.27257
0.26611
0.41355
0.56024
0.70444
0.37619
0.3432
0.78971
0.77859
0.60952
0.88428
0.79365
0.75343
0.65172
0.62213
0.82042
0.22861
0.45145
0.1481
0.37171
0.78165
0.83218
0.51665
0.2945
0.33432
0.76882
0.62931
0.7459
0.822
0.4938
0.28076
0.22325
0.71539
0.69409
0.79365
0.46628
0.59685
0.3605
0.71666
0.1299
0.77859
0.26016
0.81022
0.77122
0.37619
0.68458
0.81022
0.26778
0.73947
0.30527
0.34615
0.15431
0.15431
0.49054
0.39246
0.78858
0.803
0.47222
0.27551
0.77377
0.22325
0.38863
0.24339
0.22861
0.24754
0.68503
0.32377
0.27079
0.55267
0.53503
0.49054
0.37222
0.80653
0.72954
0.72397
0.66207
0.64379
0.50899
0.50336
0.82251
0.79365
0.22325
0.18063
0.80873
0.64299
0.25938
0.59685
0.24716
0.45808
0.79374
0.39123
0.822
0.15511
0.76341
0.6112
0.64379
0.75773
0.77122
0.74404
0.77859
0.8017
0.25201
0.52852
0.56024
0.35986
0.61296
0.72597
0.73366
0.78971
0.83218
0.3859
0.73352
0.73947
0.22861
0.52852
0.28699
0.33735
0.30527
0.822
0.28652
0.77859
0.51479
0.68613
0.53616
0.81053
0.44329
0.6412
0.34813
0.78971
0.67149
0.80683
0.31621
0.73947
0.6838
0.56476
0.49182
0.14117
0.78971
0.42317
0.78458
0.26611
0.73947
0.822
0.23983
0.79262
0.68218
0.84851
0.66368
0.35534
0.80653
0.16569
0.44725
0.65332
0.78971
0.67149
0.65865
0.73947
0.63999
0.26778
0.36313
0.59155
0.28657
0.28817
0.17834
0.73352
0.54889
0.23429
0.66368
0.70825
0.62931
0.78971
0.79365
0.80621
0.37619
0.39202
0.30093
0.079872
0.54394
0.57581
0.47086
0.43846
0.78816
0.30984
0.37283
0.54589
0.25968
0.50323
0.65408
0.30984
0.7708
0.043109
0.36611
0.54394
0.08762
0.1575
0.4864
0.44052
0.71898
0.34488
0.36805
0.47589
0.099326
0.35642
0.47798
0.17857
0.33185
0.47589
0.44052
0.60745
0.19843
0.44052
0.29119
0.1575
0.26446
0.27437
0.55628
0.29145
0.24203
0.27437
0.33185
0.30984
0.24537
0.34488
0.43846
0.50323
0.40873
0.58106
0.37283
0.25314
0.34299
0.5241
0.45
0.25472
0.51878
0.47798
0.37283
0.44871
0.68738
0.24537
0.30984
0.61219
0.1575
0.099326
0.30984
0.44052
0.68738
0.055511
0.51878
0.65408
0.099326
0.069462
0.30093
0.36611
0.68751
0.59328
0.17857
0.20938
0.28271
0.1361
0.50114
0.46348
0.29668
0.40425
0.36611
0.62407
0.33185
0.31275
0.099326
0.45
0.44052
0.29494
0.44052
0.54394
0.26129
0.19843
0.31163
0.44052
0.043109
0.076283
0.51878
0.46609
0.34299
0.65408
0.70868
0.30093
0.50323
0.3337
0.27604
0.24528
0.38874
0.39674
0.58341
0.25314
0.32002
0.81227
0.10874
0.40425
0.47589
0.43963
0.65408
0.37283
0.47086
0.31163
0.24537
0.43846
0.51583
0.413
0.24537
0.57094
0.22808
0.34299
0.7708
0.24537
0.24528
0.64746
0.44052
0.30093
0.1361
0.24203
0.68738
0.37283
0.59328
0.48238
0.61956
0.099326
0.49484
0.57581
0.055511
0.33185
0.51878
0.50114
0.37283
0.57581
0.64308
0.2266
0.14099
0.44052
0.28441
0.40286
0.28811
0.413
0.52009
0.29494
0.12368
0.31095
0.5083
0.26456
0.11175
0.54394
0.043109
0.20938
0.57581
0.65408
0.30093
0.26105
0.36805
0.070298
0.30984
0.25472
0.4864
0.27078
0.099326
0.12368
0.24537
0.099326
0.27437
0.35642
0.30984
0.4864
0.30984
0.11367
0.37881
0.069462
0.076283
0.58341
0.40873
0.14099
0.61956
0.48626
0.37283
0.47812
0.043109
0.33185
0.29145
0.64746
0.37881
0.3337
0.13506
0.30364
0.29494
0.24203
0.67657
0.15484
0.34299
0.4288
0.14843
0.58341
0.57581
0.24537
0.31163
0.58311
0.26129
0.53351
0.7708
0.20938
0.36611
0.10874
0.099326
0.47812
0.5083
0.6123
0.29494
0.73844
0.7205
0.55264
0.64086
0.7201
0.68348
0.8034
0.43837
0.39104
0.47078
0.52957
0.49658
0.57666
0.51406
0.8947
0.48517
0.73546
0.31432
0.20069
0.63301
0.84269
0.23042
0.59499
0.4735
0.50404
0.67226
0.92617
0.87722
0.72521
0.59499
0.51406
0.57666
0.54132
0.23122
0.59499
0.59499
0.7205
0.2835
0.68466
0.19737
0.38354
0.52013
0.23383
0.59499
0.11575
0.55264
0.67226
0.77594
0.54132
0.91172
0.52013
0.50992
0.94859
0.4326
0.48067
0.86885
0.23042
0.69674
0.23383
0.77973
0.78759
0.84276
0.48951
0.20423
0.48517
0.55264
0.57226
0.94859
0.23042
0.58239
0.4818
0.92735
0.59064
0.7205
0.23383
0.72521
0.59616
0.72412
0.54413
0.4326
0.47684
0.59499
0.75688
0.94859
0.21491
0.22932
0.2835
0.43837
0.69958
0.73895
0.67957
0.73546
0.5343
0.19665
0.4735
0.84269
0.54275
0.73546
0.68445
0.44099
0.48951
0.90545
0.43837
0.8359
0.52396
0.59499
0.60064
0.54722
0.59616
0.5339
0.32844
0.77459
0.60723
0.69696
0.59499
0.73844
0.47138
0.93846
0.8359
0.7205
0.54132
0.43837
0.23761
0.69674
0.57666
0.90698
0.88782
0.64486
0.91172
0.41416
0.54275
0.71887
0.73546
0.52013
0.59499
0.81833
0.6809
0.66297
0.39104
0.45228
0.54722
0.9382
0.70417
0.51426
0.72412
0.4326
0.42524
0.59499
0.91172
0.65166
0.23122
0.43837
0.84276
0.31432
0.72412
0.91172
0.13674
0.73546
0.57226
0.64486
0.69696
0.48951
0.64086
0.48951
0.38354
0.81073
0.72359
0.81779
0.72062
0.7205
0.73507
0.27385
0.73895
0.73419
0.73546
0.22932
0.72412
0.64073
0.5339
0.81505
0.93945
0.75688
0.51426
0.41416
0.58239
0.42635
0.70417
0.20069
0.24558
0.72062
0.5339
0.48951
0.52957
0.47078
0.68564
0.81582
0.68055
0.11754
0.55415
0.83242
0.68432
0.90324
0.48517
0.73895
0.60064
0.75253
0.13674
0.88954
0.90285
0.73546
0.55415
0.68055
0.4326
0.59064
0.7205
0.59064
0.20142
0.32844
0.36773
0.59499
0.48067
0.59064
0.64073
0.69456
0.72412
0.54722
0.69578
0.72412
0.90545
0.65894
0.59499
0.69674
0.94859
0.57666
0.36773
0.59064
0.90545
0.59064
0.75688
0.78467
0.49375
0.91172
0.22932
0.91867
0.73546
0.77895
0.59064
0.57666
0.69696
0.7205
0.43837
0.41416
0.38653
0.88655
0.50199
0.44567
0.44567
0.44567
0.44567
0.3907
0.44567
0.50199
0.44567
0.50199
0.44567
0.50199
0.3907
0.44567
0.3907
0.50199
0.50199
0.50199
0.50199
0.44567
0.3907
0.44567
0.44567
0.33838
0.44567
0.44567
0.44567
0.44567
0.3907
0.50199
0.44567
0.33838
0.50199
0.50199
0.50199
0.50199
0.44567
0.33838
0.44567
0.44567
0.50199
0.3907
0.50199
0.3907
0.3907
0.44567
0.33838
0.50199
0.44567
0.50199
0.44567
0.3907
0.44567
0.50199
0.3907
0.44567
0.44567
0.44567
0.3907
0.44567
0.33838
0.50199
0.50199
0.3907
0.44567
0.44567
0.3907
0.44567
0.44567
0.50199
0.3907
0.44567
0.50199
0.3907
0.44567
0.33838
0.50199
0.33838
0.44567
0.44567
0.50199
0.44567
0.50199
0.44567
0.33838
0.50199
0.3907
0.3907
0.44567
0.50199
0.50199
0.50199
0.44567
0.50199
0.44567
0.44567
0.33838
0.44567
0.3907
0.3907
0.44567
0.3907
0.33838
0.50199
0.33838
0.3907
0.33838
0.33838
0.44567
0.44567
0.44567
0.44567
0.44567
0.44567
0.3907
0.3907
0.44567
0.50199
0.50199
0.44567
0.50199
0.50199
0.3907
0.3907
0.44567
0.50199
0.44567
0.3907
0.44567
0.44567
0.3907
0.3907
0.50199
0.44567
0.3907
0.50199
0.50199
0.50199
0.50199
0.50199
0.44567
0.33838
0.44567
0.30021
0.33565
0.30021
0.30021
0.30021
0.30021
0.34278
0.30021
0.30021
0.33565
0.69909
0.30021
0.30021
0.30694
0.33565
0.33565
0.30021
0.33565
0.30021
0.33565
0.30021
0.30021
0.69909
0.30694
0.33565
0.33565
0.33565
0.34278
0.33565
0.34278
0.33565
0.33565
0.30021
0.33565
0.33565
0.33565
0.33565
0.30021
0.34278
0.30021
0.33565
0.30021
0.33565
0.33565
0.33565
0.34278
0.30021
0.30021
0.34278
0.33565
0.30021
0.30021
0.30694
0.33565
0.69235
0.30021
0.30021
0.30021
0.30021
0.30021
0.69235
0.34278
0.33565
0.30021
0.33565
0.33565
0.30021
0.30021
0.30021
0.33565
0.33565
0.30021
0.33565
0.30021
0.30021
0.30021
0.33565
0.33565
0.30021
0.34278
0.33565
0.33565
0.30021
0.33565
0.33565
0.34278
0.33565
0.30021
0.30021
0.33565
0.33565
0.30021
0.33565
0.33565
0.30021
0.40933
0.30021
0.33565
0.5647
0.33565
0.69235
0.5647
0.30694
0.30021
0.33565
0.30021
0.33565
0.33565
0.30021
0.30021
0.5647
0.30021
0.33565
0.69235
0.33565
0.34278
0.44938
0.30021
0.33565
0.30021
0.33565
0.33565
0.33565
0.30694
0.33565
0.69909
0.30021
0.33565
0.30694
0.33565
0.69909
0.44938
0.30021
0.33565
0.33565
0.5647
0.30021
0.33565
0.40933
0.30021
0.30021
0.30021
0.30021
0.33565
0.33565
0.33565
0.30021
0.30021
0.30021
0.30021
0.30021
0.30021
0.33565
0.33565
0.30021
0.33565
0.30021
0.30694
0.30021
0.44938
0.30021
0.33565
0.30021
0.34278
0.33565
0.30021
0.33565
0.33565
0.33565
0.30021
0.33565
0.33565
0.30021
0.30021
0.34278
0.33565
0.33565
0.30021
0.30021
0.30021
