0.021118,0
0.021118,0
0.021118,0
0.025273,0
0.025476,0
0.025595,0
0.031724,0
0.032609,0
0.035542,0
0.036967,0
0.041171,0
0.041368,0
0.04139,0
0.043109,0
0.043109,0
0.043109,0
0.043109,0
0.046474,0
0.050347,0
0.055511,0
0.055511,0
0.0631,0
0.063262,0
0.063835,0
0.066903,0
0.068549,0
0.068725,0
0.069462,0
0.069462,0
0.070298,0
0.073139,0
0.073139,0
0.076283,0
0.076283,0
0.076936,0
0.07918,0
0.079872,0
0.082238,0
0.082858,0
0.083027,0
0.083067,0
0.085492,0
0.085492,0
0.085492,1
0.085492,0
0.08762,0
0.088512,0
0.08955,1
0.092547,0
0.09376,0
0.09376,0
0.095997,1
0.099326,0
0.099326,0
0.099326,0
0.099326,0
0.099326,0
0.099326,0
0.099326,0
0.099326,0
0.099857,0
0.1005,0
0.10321,0
0.10874,0
0.10874,0
0.11105,0
0.11175,0
0.11367,0
0.11403,0
0.11403,0
0.11403,0
0.11403,0
0.11575,0
0.11754,0
0.1177,0
0.11853,0
0.12003,0
0.12003,0
0.12233,0
0.12233,0
0.12233,0
0.12368,0
0.12368,0
0.1275,0
0.12829,0
0.1297,0
0.1299,0
0.12993,0
0.12993,0
0.12993,0
0.13256,0
0.13452,0
0.13506,0
0.13547,0
0.1361,0
0.1361,0
0.13622,0
0.13622,0
0.13622,0
0.13622,0
0.13674,0
0.13674,0
0.14039,0
0.14072,0
0.14072,0
0.14072,0
0.14072,0
0.14072,0
0.14072,0
0.14072,0
0.14072,0
0.14072,0
0.14072,0
0.14072,0
0.14072,0
0.14072,0
0.14072,0
0.14099,0
0.14099,0
0.14117,0
0.14117,0
0.14354,0
0.1481,0
0.14829,0
0.14829,0
0.14829,0
0.14829,1
0.14829,0
0.14829,0
0.14843,0
0.15067,0
0.15102,0
0.1517,0
0.15193,0
0.15195,0
0.15216,0
0.15252,0
0.15312,0
0.15357,0
0.15431,0
0.15431,0
0.15484,0
0.15511,0
0.15561,0
0.15561,0
0.15561,0
0.15561,0
0.15561,0
0.15659,0
0.1575,0
0.1575,0
0.1575,1
0.15899,0
0.16248,1
0.16248,0
0.16248,0
0.16248,0
0.16325,0
0.16389,0
0.1648,0
0.16537,0
0.16541,0
0.16541,0
0.16569,0
0.16587,0
0.16663,0
0.17004,0
0.17049,0
0.17135,0
0.17264,0
0.17274,0
0.17274,0
0.17274,0
0.17274,0
0.17274,0
0.17274,0
0.17274,0
0.17274,1
0.17274,0
0.17274,0
0.17274,0
0.17274,0
0.17357,0
0.17357,0
0.17357,0
0.17357,0
0.17357,0
0.17357,0
0.17357,0
0.17357,0
0.17357,0
0.17357,0
0.17357,1
0.17437,0
0.17437,0
0.17437,0
0.17437,0
0.17437,0
0.17437,1
0.17437,0
0.17437,0
0.17437,0
0.17456,0
0.17456,0
0.17456,0
0.17799,1
0.17799,0
0.17799,0
0.17799,1
0.17799,0
0.17799,0
0.17834,0
0.17857,0
0.17857,0
0.18013,0
0.18063,0
0.18361,0
0.18501,0
0.18501,0
0.18501,0
0.18501,0
0.18501,0
0.18501,0
0.18501,0
0.18538,0
0.18538,0
0.18956,0
0.18956,0
0.19393,0
0.19393,0
0.19463,0
0.19482,0
0.19555,0
0.19665,0
0.19737,0
0.19843,0
0.19843,0
0.19882,0
0.19882,0
0.19882,0
0.19882,0
0.19882,0
0.19882,0
0.19882,0
0.19882,0
0.19882,0
0.19882,0
0.19882,0
0.19882,0
0.19882,0
0.19882,0
0.19882,0
0.19882,0
0.19882,0
0.19882,0
0.19882,0
0.19882,0
0.19882,0
0.19882,0
0.19882,0
0.19882,0
0.19882,0
0.19882,0
0.19882,0
0.19882,0
0.19895,0
0.1996,0
0.1996,0
0.1996,0
0.1996,0
0.1997,0
0.20057,0
0.20069,0
0.20069,0
0.20142,0
0.20235,0
0.2033,0
0.2033,0
0.2033,0
0.2033,1
0.20406,0
0.20406,0
0.20406,0
0.20415,0
0.20415,0
0.20415,0
0.20423,0
0.20477,0
0.20549,0
0.20624,0
0.20642,0
0.2072,0
0.2072,0
0.2072,0
0.2072,0
0.2072,0
0.2072,0
0.2072,0
0.20821,0
0.20824,0
0.20826,0
0.20889,0
0.20938,0
0.20938,0
0.20938,0
0.21066,0
0.21255,0
0.21315,0
0.21491,0
0.21591,0
0.21601,0
0.21733,1
0.21829,0
0.21829,0
0.21829,1
0.21829,0
0.21829,0
0.21829,0
0.21829,0
0.21829,1
0.21829,0
0.21829,1
0.21829,0
0.21829,0
0.21829,0
0.21829,0
0.21829,0
0.21829,1
0.21829,1
0.21829,1
0.21829,0
0.21829,0
0.21858,0
0.21858,0
0.21907,0
0.21931,0
0.21948,0
0.21948,0
0.22062,0
0.22325,0
0.22325,0
0.22325,0
0.22624,0
0.2266,0
0.22771,0
0.22808,1
0.22861,0
0.22861,1
0.22861,0
0.22917,0
0.22932,0
0.22932,0
0.22932,0
0.23042,0
0.23042,0
0.23042,0
0.23048,0
0.23122,0
0.23122,0
0.23383,1
0.23383,0
0.23383,0
0.23429,0
0.2366,1
0.23754,0
0.23761,0
0.23954,0
0.23954,0
0.23954,0
0.23983,0
0.24065,0
0.24065,0
0.241,0
0.24189,0
0.24203,0
0.24203,0
0.24203,0
0.2422,0
0.24244,0
0.24244,0
0.24244,1
0.24244,1
0.24244,0
0.24244,0
0.24244,0
0.24244,0
0.24244,0
0.24244,0
0.24244,1
0.24244,0
0.24244,0
0.24244,0
0.24244,0
0.24244,0
0.24244,0
0.24244,0
0.24244,0
0.24244,0
0.24244,1
0.24244,0
0.24244,0
0.24244,0
0.24244,0
0.24339,0
0.24503,0
0.24519,1
0.24528,0
0.24528,0
0.24537,1
0.24537,0
0.24537,0
0.24537,1
0.24537,0
0.24537,1
0.24537,0
0.24558,0
0.24588,0
0.24588,1
0.24705,0
0.24705,0
0.24705,0
0.24705,0
0.24705,0
0.24705,0
0.24705,0
0.24705,0
0.24705,0
0.24705,0
0.24705,0
0.24705,1
0.24705,0
0.24705,1
0.24705,0
0.24705,0
0.24705,0
0.24705,0
0.24705,0
0.24708,1
0.24708,0
0.24708,0
0.24708,0
0.24716,0
0.24754,0
0.25031,0
0.25154,0
0.25154,0
0.25154,0
0.25201,0
0.25291,0
0.25291,0
0.25291,0
0.25301,0
0.25314,1
0.25314,0
0.25385,0
0.25464,0
0.25464,0
0.25472,0
0.25472,0
0.25664,0
0.25664,0
0.25664,0
0.25664,0
0.25791,1
0.25834,0
0.25876,0
0.25938,0
0.25968,0
0.26016,0
0.26047,0
0.26105,0
0.26129,0
0.26129,0
0.26306,0
0.26428,0
0.26428,0
0.26428,1
0.26446,0
0.26456,0
0.26478,0
0.26478,1
0.26611,0
0.26611,0
0.26626,0
0.26737,1
0.26737,0
0.26737,0
0.26746,0
0.26778,0
0.26778,0
0.26778,1
0.27078,0
0.27079,1
0.27093,0
0.27126,0
0.27126,0
0.27257,0
0.27327,1
0.27327,1
0.27327,0
0.27327,0
0.27327,1
0.27327,1
0.27327,0
0.27327,0
0.27327,0
0.27327,0
0.27327,1
0.27327,0
0.27327,0
0.27327,1
0.27327,0
0.27327,0
0.27327,1
0.27327,1
0.27327,0
0.27327,0
0.27327,0
0.27327,0
0.27327,1
0.27327,0
0.27337,0
0.27385,0
0.27437,0
0.27437,0
0.27437,0
0.27469,0
0.27517,0
0.27551,0
0.27604,0
0.27912,0
0.27912,0
0.27925,1
0.27925,1
0.27925,1
0.27925,0
0.27989,0
0.27989,0
0.27989,1
0.27989,0
0.27989,0
0.27989,1
0.27989,0
0.27989,1
0.27989,0
0.27989,1
0.27989,0
0.27989,0
0.27989,0
0.27989,1
0.27989,0
0.27989,1
0.27989,0
0.27989,0
0.27989,0
0.28036,1
0.28056,0
0.28076,0
0.28167,0
0.28267,0
0.28267,0
0.28271,0
0.28293,0
0.28318,0
0.28318,0
0.28318,0
0.28349,0
0.2835,0
0.2835,0
0.2839,0
0.28392,0
0.28441,1
0.28497,0
0.2858,0
0.28652,0
0.28652,0
0.28657,1
0.28699,0
0.28735,0
0.28811,0
0.28817,0
0.28903,0
0.29023,0
0.29119,0
0.29145,0
0.29145,1
0.29251,0
0.29251,0
0.29251,0
0.29431,0
0.29445,0
0.2945,0
0.29481,0
0.29494,0
0.29494,0
0.29494,1
0.29494,0
0.29517,0
0.29598,0
0.29668,0
0.29716,0
0.29716,0
0.29716,0
0.29716,0
0.29716,0
0.29716,0
0.29728,0
0.29732,0
0.29732,0
0.29732,0
0.29732,0
0.29732,1
0.29732,1
0.29732,0
0.29732,0
0.29732,0
0.29732,0
0.29732,1
0.29732,0
0.29732,0
0.29732,1
0.29732,0
0.29732,0
0.29732,1
0.29732,0
0.29732,0
0.29732,0
0.29732,0
0.29732,1
0.29732,0
0.29732,0
0.29898,0
0.29898,0
0.29898,0
0.29898,1
0.29898,0
0.29898,0
0.2992,1
0.29934,0
0.29994,0
0.30021,0
0.30021,0
0.30021,0
0.30021,0
0.30021,0
0.30021,0
0.30021,0
0.30021,1
0.30021,1
0.30021,0
0.30021,0
0.30021,0
0.30021,0
0.30021,1
0.30021,0
0.30021,0
0.30021,1
0.30021,1
0.30021,0
0.30021,1
0.30021,0
0.30021,0
0.30021,0
0.30021,0
0.30021,0
0.30021,0
0.30021,0
0.30021,0
0.30021,0
0.30021,1
0.30021,0
0.30021,1
0.30021,0
0.30021,0
0.30021,0
0.30021,0
0.30021,0
0.30021,0
0.30021,0
0.30021,1
0.30021,0
0.30021,0
0.30021,1
0.30021,1
0.30021,1
0.30021,0
0.30021,0
0.30021,0
0.30021,0
0.30021,0
0.30021,0
0.30021,0
0.30021,0
0.30021,1
0.30021,0
0.30021,0
0.30021,0
0.30021,0
0.30021,0
0.30021,0
0.30021,1
0.30021,0
0.30021,0
0.30021,0
0.30021,0
0.30021,1
0.30021,0
0.30021,0
0.30021,1
0.30021,0
0.30021,0
0.30021,0
0.30021,0
0.30093,0
0.30093,0
0.30093,0
0.30093,0
0.30093,1
0.3018,0
0.30182,0
0.30232,1
0.30325,0
0.30325,0
0.30325,0
0.30325,1
0.30364,0
0.30514,0
0.30527,0
0.30527,1
0.30649,0
0.30663,0
0.30694,1
0.30694,0
0.30694,0
0.30694,0
0.30694,1
0.30694,0
0.30694,0
0.30753,0
0.30817,1
0.30817,0
0.30817,0
0.30817,0
0.30817,1
0.30817,0
0.30817,0
0.30817,0
0.30817,1
0.30817,0
0.30892,0
0.30898,1
0.30984,0
0.30984,0
0.30984,0
0.30984,0
0.30984,0
0.30984,0
0.30984,0
0.30984,0
0.31089,0
0.31089,0
0.31095,0
0.31163,1
0.31163,0
0.31163,1
0.31274,0
0.31275,0
0.31286,0
0.31375,0
0.31423,0
0.31432,0
0.31432,0
0.31491,0
0.31491,0
0.31491,0
0.31491,0
0.31491,0
0.31491,0
0.31491,0
0.31491,0
0.3153,0
0.3153,0
0.3153,0
0.31595,0
0.31595,1
0.31621,0
0.31898,0
0.31898,0
0.31951,0
0.31951,1
0.31956,0
0.32002,0
0.32112,1
0.32121,0
0.32377,0
0.32512,0
0.32625,0
0.32657,1
0.32657,1
0.32657,0
0.32657,1
0.32657,0
0.32657,1
0.32657,0
0.32714,0
0.32844,0
0.32844,0
0.32895,0
0.33001,1
0.33185,1
0.33185,0
0.33185,0
0.33185,0
0.33185,1
0.33207,0
0.33207,1
0.33207,0
0.33207,0
0.33207,1
0.33207,1
0.33207,0
0.3337,0
0.3337,1
0.33428,0
0.33432,1
0.33513,0
0.33513,1
0.33565,0
0.33565,0
0.33565,1
0.33565,0
0.33565,0
0.33565,1
0.33565,1
0.33565,1
0.33565,0
0.33565,1
0.33565,0
0.33565,0
0.33565,0
0.33565,0
0.33565,1
0.33565,1
0.33565,0
0.33565,1
0.33565,1
0.33565,1
0.33565,0
0.33565,0
0.33565,1
0.33565,0
0.33565,0
0.33565,1
0.33565,0
0.33565,0
0.33565,0
0.33565,0
0.33565,0
0.33565,1
0.33565,0
0.33565,0
0.33565,0
0.33565,0
0.33565,0
0.33565,1
0.33565,0
0.33565,1
0.33565,0
0.33565,0
0.33565,1
0.33565,1
0.33565,0
0.33565,0
0.33565,0
0.33565,0
0.33565,0
0.33565,0
0.33565,1
0.33565,0
0.33565,1
0.33565,1
0.33565,0
0.33565,0
0.33565,0
0.33565,0
0.33565,0
0.33565,1
0.33565,0
0.33565,0
0.33565,0
0.33565,1
0.33565,1
0.33565,1
0.33565,0
0.33565,0
0.33565,0
0.33565,0
0.33565,0
0.33616,1
0.3363,0
0.33646,1
0.33646,0
0.33646,0
0.33646,0
0.33646,1
0.33646,0
0.33646,0
0.33646,0
0.33733,0
0.33735,0
0.33838,0
0.33838,0
0.33838,0
0.33838,0
0.33838,0
0.33838,0
0.33838,0
0.33838,0
0.33838,0
0.33838,0
0.33838,0
0.33838,0
0.33838,1
0.33838,0
0.33896,0
0.33942,0
0.33947,1
0.3396,0
0.3396,0
0.3396,0
0.3406,0
0.34131,0
0.34131,1
0.34278,0
0.34278,1
0.34278,1
0.34278,0
0.34278,1
0.34278,1
0.34278,0
0.34278,0
0.34278,0
0.34278,0
0.34278,0
0.34278,1
0.34299,0
0.34299,1
0.34299,0
0.34299,0
0.3432,0
0.34488,0
0.34488,1
0.34589,0
0.34589,0
0.34615,0
0.34634,0
0.3477,0
0.34785,0
0.34813,0
0.34987,0
0.35448,1
0.35534,1
0.35536,0
0.35536,0
0.35536,0
0.35536,0
0.35536,1
0.35536,0
0.35536,0
0.35536,1
0.35536,1
0.35536,1
0.35536,1
0.35536,1
0.35536,0
0.35642,0
0.35642,1
0.35684,0
0.35684,0
0.35684,0
0.35684,0
0.35986,0
0.36019,1
0.3605,1
0.36238,1
0.36246,0
0.36297,1
0.36297,0
0.36297,0
0.36297,0
0.36297,0
0.36297,0
0.36297,0
0.36297,1
0.36313,0
0.36318,1
0.36338,0
0.36341,1
0.36354,0
0.36611,1
0.36611,0
0.36611,0
0.36611,0
0.36773,0
0.36773,0
0.36805,1
0.36805,1
0.36973,1
0.37024,0
0.37045,0
0.37171,0
0.37222,1
0.37283,0
0.37283,1
0.37283,0
0.37283,0
0.37283,0
0.37283,0
0.37283,0
0.37293,0
0.37326,0
0.37326,0
0.37354,0
0.37575,1
0.37619,1
0.37619,1
0.37619,1
0.37876,1
0.37876,0
0.37881,0
0.37881,0
0.37925,0
0.37925,1
0.37971,0
0.37971,0
0.37971,1
0.37971,0
0.37971,1
0.37971,0
0.37997,1
0.3809,1
0.38354,0
0.38354,0
0.38494,0
0.38516,0
0.38572,0
0.3859,1
0.3859,0
0.3862,0
0.38653,0
0.38783,0
0.38788,0
0.3882,0
0.3882,1
0.38863,0
0.38874,0
0.38919,0
0.38925,1
0.39067,1
0.39067,1
0.39067,1
0.39067,1
0.39067,1
0.39067,0
0.39067,0
0.3907,0
0.3907,0
0.3907,0
0.3907,0
0.3907,1
0.3907,0
0.3907,0
0.3907,1
0.3907,1
0.3907,0
0.3907,0
0.3907,1
0.3907,0
0.3907,0
0.3907,0
0.3907,0
0.3907,1
0.3907,0
0.3907,0
0.3907,1
0.3907,0
0.3907,1
0.3907,0
0.3907,1
0.3907,0
0.3907,0
0.3907,0
0.3907,0
0.3907,0
0.39104,1
0.39104,1
0.39123,1
0.39177,0
0.39202,1
0.39246,0
0.3939,0
0.39527,1
0.39535,0
0.39535,1
0.39535,1
0.39535,0
0.39535,0
0.39535,0
0.39535,0
0.39535,1
0.39535,1
0.39535,1
0.39535,0
0.39535,0
0.39535,1
0.39535,0
0.39535,0
0.39535,0
0.39535,1
0.39535,1
0.39535,0
0.39535,0
0.39535,0
0.39535,0
0.39535,0
0.39535,0
0.39535,0
0.39535,0
0.39535,0
0.39535,1
0.39535,1
0.39535,0
0.39535,0
0.39535,0
0.39535,0
0.39535,0
0.39535,0
0.39535,1
0.39535,0
0.39535,1
0.39535,1
0.39535,0
0.39535,0
0.39535,0
0.39535,1
0.39535,1
0.39535,0
0.39535,0
0.39535,0
0.39535,1
0.39535,1
0.39535,0
0.39535,0
0.39535,0
0.39535,1
0.39535,0
0.39535,1
0.39535,1
0.39535,0
0.39535,0
0.39535,0
0.39535,1
0.39535,0
0.39535,0
0.39535,1
0.39535,0
0.39535,1
0.39535,1
0.39535,0
0.39535,1
0.39535,0
0.39535,0
0.39535,0
0.39535,1
0.39535,0
0.39535,1
0.39535,0
0.39535,0
0.39535,1
0.39535,1
0.39535,1
0.39535,0
0.39535,0
0.39535,0
0.39535,0
0.39535,1
0.39535,0
0.39535,0
0.39535,0
0.39535,1
0.39535,0
0.39535,0
0.39535,1
0.39535,0
0.39535,0
0.39535,0
0.39535,1
0.39535,1
0.39535,1
0.39535,0
0.39535,0
0.39535,1
0.39535,1
0.39535,0
0.39535,0
0.39535,1
0.39535,0
0.39535,1
0.39535,0
0.39535,1
0.39535,0
0.39535,1
0.39535,1
0.39535,0
0.39535,1
0.39535,0
0.39535,0
0.39535,0
0.39535,1
0.39535,1
0.39535,0
0.39535,1
0.39535,0
0.39535,0
0.39535,1
0.39535,0
0.39535,0
0.39535,0
0.39535,1
0.39535,1
0.39535,0
0.39535,0
0.39535,1
0.39535,0
0.39535,0
0.39535,0
0.39535,1
0.39535,0
0.39535,0
0.39535,0
0.39535,1
0.39535,0
0.39535,0
0.39535,0
0.39535,0
0.39535,1
0.39535,0
0.39535,0
0.39535,0
0.39535,1
0.39535,1
0.39535,1
0.39535,0
0.39535,1
0.39535,0
0.39535,1
0.39535,1
0.39535,0
0.39535,1
0.39535,0
0.39535,0
0.39535,0
0.39535,0
0.39535,1
0.39535,0
0.39535,1
0.39535,0
0.39535,0
0.39535,0
0.39535,0
0.39535,1
0.39535,0
0.39535,0
0.39535,0
0.39535,0
0.39535,0
0.39535,0
0.39535,0
0.39535,0
0.39535,1
0.39535,0
0.39535,1
0.39535,1
0.39535,0
0.39535,0
0.39535,1
0.39535,0
0.39535,0
0.39535,0
0.39535,0
0.39535,1
0.39535,1
0.39535,1
0.39535,1
0.39535,0
0.39535,1
0.39535,0
0.39535,1
0.39535,0
0.39535,1
0.39535,0
0.39535,0
0.39535,0
0.39535,0
0.39535,0
0.39535,1
0.39535,0
0.39535,0
0.39535,0
0.39535,1
0.39535,1
0.39535,0
0.39535,1
0.39535,1
0.39535,0
0.39535,0
0.39535,1
0.39535,0
0.39535,0
0.39535,0
0.39535,1
0.39535,1
0.39535,0
0.39535,1
0.39535,1
0.39535,1
0.39535,0
0.39535,0
0.39535,0
0.39535,0
0.39535,1
0.39535,1
0.39535,0
0.39535,1
0.39535,1
0.39535,1
0.39535,0
0.39535,1
0.39535,1
0.39535,1
0.39535,1
0.39535,0
0.39535,1
0.39535,1
0.39535,0
0.39535,1
0.39535,1
0.39535,0
0.39535,1
0.39535,0
0.39535,0
0.39535,0
0.39535,0
0.39535,0
0.39535,1
0.39535,0
0.39535,0
0.39535,0
0.39535,1
0.39535,0
0.39674,1
0.39686,1
0.39858,0
0.39972,0
0.40102,0
0.40152,1
0.4027,1
0.40286,1
0.40298,0
0.40298,0
0.40298,1
0.40298,0
0.40298,0
0.40298,1
0.40298,1
0.40298,0
0.4038,0
0.40417,0
0.40417,0
0.40417,1
0.40417,0
0.40417,0
0.40417,0
0.40417,0
0.40417,0
0.40417,0
0.40417,0
0.40425,0
0.40425,0
0.40554,0
0.40654,0
0.40673,1
0.40696,1
0.40752,0
0.40752,0
0.40873,1
0.40873,0
0.40933,0
0.40933,1
0.41015,0
0.41034,1
0.41078,1
0.41219,1
0.41283,0
0.41283,0
0.41288,1
0.413,0
0.413,1
0.41335,0
0.41355,0
0.41416,0
0.41416,0
0.41416,0
0.41486,0
0.41596,0
0.41596,1
0.41757,0
0.41763,1
0.41954,0
0.41954,0
0.41954,0
0.42091,0
0.42091,0
0.42091,1
0.42105,1
0.4211,0
0.42241,0
0.42265,1
0.42317,0
0.42524,0
0.42526,1
0.42635,0
0.42816,0
0.42827,0
0.42857,1
0.42857,1
0.42857,0
0.42857,0
0.42857,1
0.42857,0
0.42857,1
0.42857,0
0.42857,1
0.42857,0
0.42857,1
0.42857,0
0.42857,0
0.42857,0
0.42857,0
0.42857,0
0.42857,0
0.42857,0
0.42857,1
0.42857,0
0.42857,1
0.42857,1
0.42857,1
0.42857,0
0.42857,0
0.42857,1
0.42857,0
0.42857,0
0.42857,1
0.42857,0
0.42857,0
0.42857,0
0.42857,1
0.42857,0
0.42857,0
0.42857,0
0.42857,1
0.42857,0
0.42857,0
0.42857,0
0.42857,0
0.42857,0
0.42857,0
0.42857,1
0.42857,0
0.42857,0
0.42857,0
0.42857,1
0.42857,0
0.42857,0
0.42857,0
0.42857,1
0.42857,1
0.42857,0
0.42857,1
0.42857,0
0.42857,0
0.42857,0
0.42857,1
0.42857,1
0.42857,0
0.42857,1
0.42857,0
0.42857,1
0.42857,1
0.42857,1
0.42857,1
0.42857,0
0.42857,0
0.42857,0
0.42857,0
0.42857,1
0.42857,0
0.42857,1
0.42857,0
0.42857,0
0.42857,1
0.42857,0
0.42857,1
0.42857,0
0.42857,0
0.42857,1
0.42857,0
0.42857,1
0.42857,0
0.42857,1
0.42857,0
0.42857,1
0.42857,1
0.42857,1
0.42857,1
0.42857,0
0.42857,0
0.42857,1
0.42857,0
0.42857,1
0.42857,0
0.42857,0
0.42857,0
0.42857,1
0.42857,0
0.42857,1
0.42857,1
0.42857,1
0.42857,1
0.42857,1
0.42857,0
0.42857,1
0.42857,0
0.42857,0
0.42857,0
0.42857,0
0.42857,1
0.42857,0
0.42857,0
0.42857,1
0.42857,0
0.42857,1
0.42857,0
0.42857,1
0.42857,0
0.42857,1
0.42857,0
0.42857,0
0.42857,1
0.42857,0
0.42857,1
0.42857,1
0.42857,1
0.42857,0
0.42857,0
0.42857,1
0.42857,0
0.42857,0
0.42857,1
0.42857,0
0.42857,1
0.42857,0
0.42857,1
0.42857,1
0.42857,0
0.42857,0
0.42857,1
0.42857,0
0.42857,0
0.42857,0
0.42857,1
0.42857,1
0.42857,0
0.42857,1
0.42857,0
0.42857,1
0.42857,0
0.42857,1
0.42857,0
0.42857,0
0.42857,1
0.42857,1
0.42857,0
0.42857,0
0.42857,0
0.42857,1
0.42857,0
0.42857,0
0.42857,0
0.42857,1
0.42857,0
0.42857,0
0.42857,1
0.42857,0
0.42857,0
0.42857,1
0.42857,1
0.42857,1
0.42857,0
0.42857,0
0.42857,1
0.42857,0
0.42857,1
0.42857,0
0.42857,1
0.42857,1
0.4288,0
0.42979,0
0.43082,0
0.43082,0
0.43087,0
0.43096,0
0.43096,1
0.4326,0
0.4326,0
0.4326,0
0.4326,0
0.43359,0
0.43373,1
0.43452,1
0.43523,0
0.43523,0
0.43523,0
0.43789,1
0.43837,1
0.43837,1
0.43837,1
0.43837,1
0.43837,1
0.43837,1
0.43846,0
0.43846,0
0.43846,1
0.43878,0
0.43963,0
0.44052,0
0.44052,1
0.44052,0
0.44052,1
0.44052,1
0.44052,1
0.44052,0
0.44052,0
0.44052,1
0.44061,1
0.44068,0
0.44099,0
0.44178,1
0.44262,0
0.44262,0
0.44262,0
0.44262,0
0.44267,0
0.44267,1
0.44267,1
0.44329,1
0.44424,1
0.44469,0
0.44469,0
0.44469,0
0.44475,0
0.44567,1
0.44567,1
0.44567,0
0.44567,0
0.44567,1
0.44567,1
0.44567,1
0.44567,0
0.44567,1
0.44567,1
0.44567,0
0.44567,1
0.44567,0
0.44567,1
0.44567,0
0.44567,1
0.44567,0
0.44567,1
0.44567,1
0.44567,1
0.44567,1
0.44567,1
0.44567,0
0.44567,0
0.44567,1
0.44567,0
0.44567,0
0.44567,0
0.44567,1
0.44567,1
0.44567,1
0.44567,1
0.44567,1
0.44567,0
0.44567,1
0.44567,1
0.44567,0
0.44567,0
0.44567,1
0.44567,0
0.44567,1
0.44567,1
0.44567,0
0.44567,0
0.44567,0
0.44567,0
0.44567,0
0.44567,0
0.44567,0
0.44567,0
0.44567,1
0.44567,0
0.44567,0
0.44567,0
0.44567,0
0.44567,0
0.44567,1
0.44567,1
0.44725,1
0.44871,0
0.44938,0
0.44938,1
0.44938,1
0.45,0
0.45,1
0.45018,1
0.45134,0
0.45138,0
0.45145,1
0.45163,0
0.45224,1
0.45224,0
0.45228,1
0.45628,0
0.45628,1
0.45628,1
0.45628,1
0.45725,0
0.45725,0
0.45808,1
0.45922,0
0.45922,0
0.45922,0
0.45922,0
0.45948,1
0.46003,0
0.46003,0
0.46003,0
0.46003,0
0.46153,1
0.46153,0
0.46153,0
0.46153,0
0.46153,1
0.46153,1
0.46153,0
0.46153,0
0.46348,1
0.46411,0
0.4652,0
0.46553,1
0.46604,0
0.46609,1
0.46628,0
0.46876,0
0.46876,0
0.4689,0
0.46896,1
0.47025,0
0.47078,0
0.47078,0
0.47086,1
0.47086,1
0.47138,0
0.47158,1
0.47158,1
0.47158,1
0.47158,1
0.47158,1
0.47158,0
0.47158,1
0.47158,0
0.47158,1
0.47158,1
0.47158,1
0.47158,1
0.47158,1
0.47158,1
0.47158,1
0.47158,0
0.47158,1
0.47158,0
0.47158,0
0.47158,1
0.47158,1
0.47222,0
0.4735,0
0.4735,0
0.47355,0
0.47589,1
0.47589,1
0.47589,0
0.4763,0
0.4763,0
0.47657,0
0.47657,0
0.47681,1
0.47684,0
0.47798,0
0.47798,0
0.47812,1
0.47812,0
0.47844,1
0.48045,0
0.48067,0
0.48067,0
0.4818,0
0.48229,1
0.48229,0
0.48229,0
0.48229,1
0.48229,0
0.48229,1
0.48229,1
0.48229,0
0.48229,1
0.48229,0
0.48229,0
0.48238,1
0.48398,1
0.48436,1
0.48517,0
0.48517,0
0.48517,0
0.48626,1
0.4864,0
0.4864,1
0.4864,1
0.48898,0
0.48912,1
0.48912,0
0.48949,0
0.48949,0
0.48951,0
0.48951,1
0.48951,1
0.48951,0
0.48951,0
0.49054,0
0.49054,0
0.49129,0
0.49129,0
0.49129,0
0.49129,0
0.49129,1
0.49129,1
0.49129,0
0.49129,0
0.49129,0
0.49129,0
0.49129,0
0.49129,0
0.49129,0
0.49129,0
0.49129,1
0.49129,1
0.49129,0
0.49129,0
0.49129,0
0.49129,0
0.49129,1
0.49129,0
0.49129,0
0.49129,1
0.49129,1
0.49129,0
0.49182,0
0.49285,1
0.49375,1
0.4938,0
0.49469,0
0.49477,0
0.49477,0
0.49477,0
0.49484,0
0.49561,0
0.4965,0
0.49658,0
0.49878,1
0.4991,1
0.49974,0
0.49974,0
0.49974,0
0.49974,1
0.49974,1
0.49974,1
0.49974,1
0.50114,0
0.50114,1
0.50143,1
0.50199,0
0.50199,1
0.50199,0
0.50199,1
0.50199,1
0.50199,1
0.50199,1
0.50199,0
0.50199,1
0.50199,1
0.50199,0
0.50199,1
0.50199,1
0.50199,1
0.50199,1
0.50199,0
0.50199,1
0.50199,1
0.50199,0
0.50199,0
0.50199,1
0.50199,1
0.50199,0
0.50199,0
0.50199,1
0.50199,1
0.50199,0
0.50199,0
0.50199,1
0.50199,0
0.50199,0
0.50199,0
0.50199,0
0.50199,1
0.50199,1
0.50199,0
0.50199,1
0.50199,1
0.50199,0
0.50199,1
0.50199,1
0.50199,1
0.50259,0
0.50263,0
0.50323,1
0.50323,1
0.50323,1
0.50336,0
0.50404,1
0.50468,1
0.50485,0
0.5083,0
0.5083,0
0.50892,1
0.50892,1
0.50892,0
0.50892,0
0.50892,1
0.50892,1
0.50892,1
0.50892,1
0.50892,0
0.50892,0
0.50892,1
0.50892,1
0.50892,1
0.50899,0
0.50928,1
0.50992,0
0.51082,0
0.51082,0
0.51082,1
0.51082,1
0.51082,0
0.51082,0
0.51082,0
0.51082,1
0.51082,0
0.51082,0
0.5123,1
0.51332,1
0.51355,0
0.514,1
0.514,1
0.51406,0
0.51406,1
0.51426,0
0.51426,1
0.51479,0
0.51583,1
0.51665,1
0.51802,1
0.51878,1
0.51878,1
0.51878,1
0.51878,1
0.52009,0
0.52013,1
0.52013,0
0.52013,0
0.52151,0
0.52204,1
0.52259,0
0.52274,1
0.52396,0
0.5241,0
0.52474,0
0.52499,0
0.52513,1
0.52746,1
0.52746,1
0.52746,1
0.52746,1
0.52781,0
0.52852,0
0.52852,1
0.52957,1
0.52957,0
0.52979,0
0.52979,1
0.53309,1
0.53309,0
0.53309,1
0.53351,0
0.5339,0
0.5339,1
0.5339,0
0.5343,1
0.53503,1
0.53567,0
0.53583,1
0.53583,0
0.53616,1
0.53622,0
0.53662,0
0.53791,0
0.53791,0
0.53936,0
0.53936,0
0.5394,0
0.53995,0
0.54132,1
0.54132,0
0.54132,1
0.54257,1
0.54257,1
0.54266,1
0.54275,1
0.54275,1
0.54394,1
0.54394,1
0.54394,0
0.54394,1
0.54413,1
0.54467,1
0.54467,1
0.54488,0
0.54511,1
0.54511,0
0.54535,1
0.54589,0
0.54591,1
0.54722,1
0.54722,0
0.54722,1
0.54763,1
0.54827,1
0.54827,1
0.54847,0
0.54855,1
0.5487,1
0.5487,0
0.5487,0
0.5487,1
0.5487,1
0.5487,0
0.5487,1
0.5487,0
0.5487,0
0.5487,1
0.5487,0
0.5487,1
0.5487,0
0.5487,1
0.5487,0
0.5487,1
0.5487,1
0.54889,0
0.54974,0
0.55086,1
0.55103,1
0.55184,1
0.55184,1
0.55184,1
0.55184,0
0.55184,1
0.55184,1
0.55184,1
0.55184,1
0.55184,0
0.55184,0
0.55184,0
0.55184,0
0.55184,1
0.55184,1
0.55184,0
0.55184,0
0.55264,1
0.55264,1
0.55264,1
0.55267,0
0.55355,1
0.55355,1
0.55415,0
0.55415,0
0.55418,0
0.55418,1
0.55418,0
0.55418,1
0.55418,0
0.55418,1
0.55418,1
0.55418,1
0.55418,0
0.55418,1
0.55418,1
0.55418,1
0.55464,1
0.55628,0
0.55922,1
0.55922,1
0.55958,1
0.55998,0
0.55998,0
0.56024,0
0.56024,0
0.56049,1
0.56049,0
0.56074,0
0.56303,1
0.5647,1
0.5647,1
0.5647,1
0.5647,1
0.56476,0
0.56488,1
0.56611,0
0.56706,0
0.56709,1
0.56709,0
0.56709,0
0.56709,0
0.56709,0
0.5709,1
0.57094,1
0.57123,1
0.57144,0
0.57194,0
0.57194,0
0.57226,0
0.57226,0
0.57241,0
0.57241,1
0.57241,1
0.57241,1
0.57241,1
0.57241,1
0.57241,1
0.57241,1
0.57241,1
0.57241,1
0.57241,1
0.57241,1
0.57241,0
0.57241,1
0.57241,1
0.57241,0
0.57241,1
0.57241,1
0.57241,1
0.57241,0
0.57241,1
0.57414,0
0.57416,0
0.57416,1
0.57416,1
0.57416,1
0.57548,1
0.57576,1
0.57581,1
0.57581,1
0.57581,0
0.57581,0
0.57581,1
0.57666,1
0.57666,0
0.57666,1
0.57666,1
0.57666,1
0.5772,1
0.57875,1
0.57984,1
0.57984,1
0.57984,1
0.58032,1
0.58032,1
0.58088,1
0.58088,1
0.58088,1
0.58106,1
0.58206,0
0.58206,1
0.58239,1
0.58239,0
0.58311,1
0.58341,0
0.58341,0
0.58341,1
0.58373,0
0.5843,0
0.5846,1
0.58745,0
0.58749,0
0.58749,0
0.58867,1
0.58934,0
0.59064,1
0.59064,1
0.59064,0
0.59064,1
0.59064,1
0.59064,1
0.59064,1
0.59155,0
0.59197,1
0.59328,1
0.59328,1
0.59332,1
0.59493,1
0.59493,1
0.59499,1
0.59499,0
0.59499,1
0.59499,0
0.59499,1
0.59499,1
0.59499,1
0.59499,1
0.59499,0
0.59499,1
0.59499,1
0.59499,1
0.59579,0
0.59598,1
0.59612,1
0.59616,0
0.59616,0
0.59631,1
0.59631,1
0.59685,0
0.59685,1
0.60064,0
0.60064,1
0.60233,1
0.60233,1
0.60233,1
0.60237,1
0.60237,1
0.60306,1
0.60431,1
0.60483,0
0.60483,0
0.60483,1
0.60618,1
0.60723,0
0.60745,1
0.60863,0
0.60903,1
0.60927,1
0.60952,1
0.6111,1
0.6112,1
0.61197,1
0.61204,0
0.61219,1
0.6123,1
0.61295,1
0.61296,1
0.61354,1
0.6142,1
0.61529,0
0.61531,1
0.61531,1
0.6178,0
0.61843,0
0.61956,1
0.61956,1
0.61986,0
0.61986,0
0.61986,0
0.61986,0
0.61986,1
0.61986,1
0.61986,0
0.61986,0
0.61986,0
0.61986,1
0.61986,1
0.61986,1
0.61986,0
0.61986,0
0.61986,1
0.61986,0
0.61986,1
0.61986,0
0.61986,1
0.61986,0
0.62192,0
0.62213,0
0.6224,0
0.62407,1
0.62565,1
0.62609,1
0.62609,1
0.62609,1
0.62609,1
0.62616,1
0.62766,1
0.62766,1
0.62766,1
0.62766,0
0.62766,0
0.62766,0
0.62766,1
0.62766,0
0.62766,1
0.62766,0
0.62766,0
0.62819,1
0.62819,0
0.62819,1
0.62925,1
0.62931,0
0.62931,1
0.63019,1
0.63019,1
0.63019,0
0.63073,1
0.63182,1
0.63301,1
0.63301,1
0.63354,0
0.63354,0
0.63557,1
0.63557,1
0.6361,1
0.63634,1
0.63634,1
0.63634,1
0.63634,1
0.63753,1
0.63973,1
0.63999,1
0.64073,1
0.64073,1
0.64086,1
0.64086,1
0.6412,0
0.64147,0
0.64199,1
0.64242,1
0.64242,1
0.64278,0
0.64278,1
0.64299,0
0.64308,1
0.64379,1
0.64379,1
0.64485,0
0.64486,1
0.64486,1
0.64496,1
0.64496,0
0.64496,1
0.64496,1
0.64547,1
0.64547,1
0.64568,1
0.64746,1
0.64746,1
0.64755,1
0.64755,1
0.64755,1
0.65166,0
0.65172,0
0.65188,0
0.65188,1
0.65188,0
0.65332,0
0.65365,0
0.65365,1
0.65408,1
0.65408,1
0.65408,1
0.65408,1
0.65408,1
0.65484,1
0.65489,1
0.6551,1
0.6551,1
0.6551,1
0.6551,0
0.6551,1
0.6551,1
0.6551,1
0.6551,1
0.6551,0
0.6551,1
0.6551,1
0.6551,1
0.6551,1
0.6551,1
0.6551,0
0.6551,1
0.6551,1
0.6551,1
0.6551,1
0.6551,0
0.6551,1
0.6551,0
0.6551,1
0.6551,0
0.6551,1
0.6551,0
0.6551,1
0.6551,1
0.6551,0
0.6551,1
0.6551,1
0.6551,0
0.6551,1
0.6551,0
0.6551,1
0.6551,1
0.6551,1
0.6551,1
0.6551,1
0.6551,0
0.6551,1
0.6551,1
0.6551,1
0.6551,0
0.6551,1
0.6551,1
0.6551,1
0.6551,1
0.6551,1
0.6551,0
0.6551,1
0.6551,0
0.6551,1
0.6551,1
0.6551,1
0.6551,1
0.6551,1
0.6551,0
0.6551,1
0.6551,1
0.6551,0
0.6551,1
0.6551,1
0.6551,0
0.6551,1
0.6551,1
0.6551,0
0.6551,1
0.6551,1
0.6551,1
0.6551,1
0.6551,1
0.6551,0
0.6551,1
0.6551,1
0.6551,0
0.65615,1
0.65615,1
0.65615,1
0.65636,1
0.65676,0
0.65689,1
0.65689,1
0.65768,1
0.65778,1
0.65865,0
0.65894,0
0.66207,1
0.66297,1
0.66348,0
0.66348,1
0.66348,1
0.66348,1
0.66348,1
0.66348,1
0.66348,0
0.66348,1
0.66348,1
0.66348,0
0.66348,1
0.66348,0
0.66348,0
0.66348,1
0.66348,0
0.66348,1
0.66348,1
0.66348,0
0.66348,1
0.66348,1
0.66348,0
0.66348,0
0.66348,1
0.66348,0
0.66348,1
0.66348,0
0.66348,0
0.66348,0
0.66348,0
0.66368,0
0.66368,1
0.66553,1
0.66553,1
0.66572,1
0.66668,1
0.66668,1
0.66668,1
0.66691,1
0.66699,0
0.66849,1
0.66849,1
0.66981,1
0.66981,1
0.66981,1
0.66981,1
0.66981,1
0.66981,1
0.66981,1
0.66981,1
0.66981,1
0.66981,1
0.66981,1
0.66981,0
0.66981,1
0.66981,1
0.66981,1
0.66981,1
0.66981,1
0.66981,0
0.66981,1
0.66981,1
0.66981,1
0.66981,1
0.66981,1
0.66981,1
0.66981,1
0.67086,0
0.67086,1
0.67086,1
0.67086,1
0.67086,0
0.67086,1
0.67086,1
0.67086,1
0.67086,1
0.67086,1
0.67086,1
0.67086,1
0.67086,0
0.67086,1
0.67086,1
0.67086,1
0.67086,1
0.67086,1
0.67086,1
0.67086,1
0.67086,1
0.67086,1
0.67086,0
0.67086,1
0.67086,1
0.67086,1
0.67086,1
0.67086,1
0.67086,1
0.67086,1
0.67086,1
0.67086,1
0.67086,1
0.67086,1
0.67086,1
0.67086,1
0.67086,1
0.67086,1
0.67086,1
0.67086,0
0.67086,1
0.67086,0
0.67086,1
0.67086,1
0.67086,1
0.67086,1
0.67086,0
0.67086,1
0.67086,1
0.67086,1
0.67086,0
0.67086,1
0.67086,1
0.67086,1
0.67086,1
0.67086,0
0.67086,1
0.67086,1
0.67086,0
0.67086,0
0.67086,1
0.67086,0
0.67086,0
0.67094,1
0.67149,0
0.67149,0
0.67197,1
0.67197,1
0.67197,1
0.67202,1
0.67202,1
0.67226,1
0.67226,0
0.67431,1
0.67431,0
0.67431,0
0.67431,1
0.6745,0
0.6745,0
0.6745,1
0.67451,1
0.67657,0
0.67897,1
0.67957,1
0.68055,1
0.68055,1
0.6809,0
0.68135,1
0.68215,0
0.68215,0
0.68218,1
0.6827,1
0.68348,1
0.6838,1
0.68432,1
0.68445,1
0.68458,1
0.68466,1
0.68503,1
0.68505,1
0.68564,1
0.68613,1
0.68652,1
0.68738,1
0.68738,1
0.68738,1
0.68751,1
0.68771,1
0.6886,0
0.6886,0
0.6886,1
0.6886,0
0.68938,1
0.68938,1
0.68942,1
0.69046,1
0.69106,1
0.69142,1
0.69207,0
0.69235,1
0.69235,1
0.69235,1
0.69235,1
0.69291,1
0.69377,0
0.69377,0
0.69409,1
0.69415,0
0.69422,1
0.69456,0
0.69474,1
0.69512,1
0.69578,1
0.69622,0
0.69674,0
0.69674,1
0.69674,0
0.69696,1
0.69696,1
0.69696,1
0.69773,1
0.69894,1
0.69909,1
0.69909,1
0.69909,1
0.69909,1
0.69913,1
0.69958,1
0.70045,1
0.70121,1
0.70184,1
0.70272,1
0.70396,1
0.70396,1
0.70396,0
0.70396,1
0.70396,1
0.70396,0
0.70396,1
0.70396,1
0.70396,0
0.70396,1
0.70417,1
0.70417,0
0.70444,1
0.70555,1
0.70663,1
0.70663,0
0.70825,1
0.70868,1
0.71137,1
0.71137,1
0.71137,1
0.71252,1
0.71274,1
0.71274,1
0.71308,1
0.71471,0
0.71524,1
0.71524,1
0.71539,1
0.71615,1
0.71666,1
0.71683,1
0.71697,1
0.71887,1
0.71895,1
0.71898,1
0.7201,1
0.7205,1
0.7205,1
0.7205,0
0.7205,1
0.7205,0
0.7205,1
0.7205,0
0.72062,1
0.72062,1
0.72062,1
0.72174,1
0.72202,1
0.72224,0
0.72224,1
0.72224,1
0.72224,1
0.72334,1
0.72359,1
0.72397,1
0.72412,1
0.72412,1
0.72412,1
0.72412,1
0.72412,1
0.72412,1
0.72521,1
0.72521,1
0.72575,1
0.72575,1
0.72575,1
0.72594,1
0.72594,1
0.72597,1
0.72643,1
0.727,1
0.72753,0
0.72954,1
0.7304,1
0.7305,1
0.73051,1
0.73051,1
0.73051,1
0.73281,0
0.73352,1
0.73352,1
0.73364,1
0.73366,1
0.73419,1
0.73507,1
0.73546,1
0.73546,1
0.73546,1
0.73546,1
0.73546,1
0.73546,1
0.73546,0
0.73546,1
0.73844,1
0.73844,1
0.73895,1
0.73895,1
0.73895,0
0.73947,1
0.73947,0
0.73947,1
0.73947,1
0.73947,1
0.73947,1
0.73958,1
0.74012,0
0.74032,1
0.74148,1
0.7417,1
0.7417,1
0.74231,1
0.74231,1
0.74284,1
0.74305,1
0.74376,1
0.74376,1
0.74404,1
0.74531,1
0.74531,1
0.74531,1
0.7459,1
0.7459,1
0.74667,1
0.74667,1
0.74667,0
0.74667,0
0.74667,1
0.74667,0
0.74667,1
0.74667,0
0.74667,1
0.74667,1
0.74667,1
0.74667,0
0.74667,1
0.74667,0
0.74697,1
0.74809,1
0.74809,1
0.74809,1
0.74905,0
0.74926,1
0.74986,1
0.75181,1
0.75181,1
0.75253,1
0.75343,1
0.75688,1
0.75688,1
0.75688,1
0.75773,1
0.7605,1
0.7632,1
0.7632,1
0.7632,1
0.7632,1
0.7632,0
0.7632,1
0.7632,0
0.7632,1
0.7632,1
0.7632,1
0.7632,1
0.7632,1
0.7632,1
0.76324,1
0.76341,1
0.76393,1
0.76517,1
0.76517,1
0.76517,1
0.76517,1
0.76517,1
0.76517,0
0.7654,1
0.76557,1
0.76557,0
0.76557,0
0.76557,1
0.76557,1
0.76557,1
0.76557,0
0.76557,0
0.76557,1
0.76557,1
0.76557,1
0.76557,1
0.76557,0
0.76557,1
0.76557,0
0.76557,1
0.76557,1
0.76557,1
0.76557,1
0.76557,0
0.76557,1
0.76557,1
0.76557,1
0.76557,1
0.76557,1
0.76557,0
0.76557,1
0.76557,1
0.76557,0
0.76557,1
0.76557,1
0.76557,1
0.76557,0
0.76557,1
0.76557,1
0.76557,1
0.76557,1
0.76557,1
0.76557,1
0.76557,0
0.76686,1
0.76686,1
0.76686,1
0.76687,1
0.76748,1
0.76882,1
0.76973,1
0.76973,0
0.77022,1
0.7708,0
0.7708,1
0.7708,0
0.77122,1
0.77122,0
0.77243,1
0.77377,1
0.77459,0
0.77594,1
0.77729,1
0.7774,1
0.77772,1
0.77772,1
0.77859,1
0.77859,1
0.77859,1
0.77859,1
0.77895,1
0.77924,1
0.77924,1
0.77933,1
0.77973,1
0.78122,1
0.78122,1
0.78122,1
0.78122,0
0.78122,1
0.78122,1
0.78122,1
0.78122,1
0.78122,1
0.78122,1
0.78122,1
0.78122,1
0.78122,1
0.78122,1
0.78122,1
0.78122,1
0.78122,1
0.78122,1
0.78122,1
0.78122,0
0.78165,0
0.78205,1
0.78205,0
0.78205,1
0.78205,1
0.78205,1
0.78205,0
0.78205,1
0.78205,0
0.78205,1
0.78205,1
0.78205,1
0.78205,1
0.78205,1
0.78205,1
0.78205,1
0.78205,0
0.78205,1
0.78205,1
0.78205,1
0.78205,1
0.78205,1
0.78205,1
0.78205,1
0.78205,1
0.78205,1
0.78205,1
0.78205,0
0.78205,0
0.78205,1
0.78205,1
0.78205,1
0.78205,1
0.78205,1
0.78205,1
0.78205,1
0.78205,1
0.78205,1
0.78205,1
0.78205,1
0.78205,0
0.78205,1
0.78205,1
0.78205,0
0.78205,1
0.78205,1
0.78205,1
0.78205,0
0.78205,1
0.78205,0
0.78205,0
0.78205,1
0.78205,0
0.78205,1
0.78205,1
0.78205,1
0.78205,0
0.78205,1
0.78205,1
0.78205,1
0.78205,1
0.78205,1
0.78205,1
0.78205,1
0.78205,1
0.78205,1
0.78205,1
0.78205,1
0.78205,0
0.78205,1
0.78205,1
0.78205,1
0.78205,1
0.78205,1
0.78205,1
0.78205,0
0.78205,0
0.78205,1
0.78205,0
0.78458,1
0.78467,1
0.78698,1
0.78759,1
0.78815,1
0.78815,1
0.78816,1
0.78858,1
0.78971,0
0.78971,0
0.78971,1
0.78971,0
0.78971,1
0.78971,1
0.79262,1
0.79275,1
0.79279,1
0.79279,1
0.79279,1
0.79289,1
0.79289,1
0.79289,1
0.79289,1
0.79365,1
0.79365,1
0.79365,1
0.79365,1
0.79374,1
0.79449,1
0.79449,1
0.7949,1
0.79576,1
0.79811,1
0.80087,1
0.80107,1
0.80154,1
0.80154,1
0.80154,1
0.80154,0
0.80154,1
0.80154,0
0.80154,1
0.80154,1
0.80154,1
0.80154,1
0.80154,0
0.80154,1
0.80154,1
0.80154,1
0.80154,1
0.80154,1
0.80154,1
0.80154,1
0.80154,1
0.80154,1
0.80154,0
0.80154,1
0.8017,1
0.803,1
0.8034,0
0.80381,1
0.80445,1
0.80496,1
0.80496,1
0.80621,1
0.80621,1
0.80621,1
0.80653,1
0.80653,1
0.80683,1
0.80873,1
0.81022,1
0.81022,1
0.81053,1
0.81073,1
0.81227,1
0.81259,1
0.81488,1
0.81505,1
0.81527,1
0.81537,1
0.81537,1
0.81537,1
0.81537,1
0.81537,1
0.81537,1
0.81537,1
0.81537,1
0.81537,1
0.81537,1
0.81537,1
0.81537,1
0.81547,1
0.81547,1
0.81547,1
0.81547,1
0.81556,1
0.81556,1
0.81556,1
0.81582,1
0.81675,1
0.81734,1
0.81734,1
0.81734,1
0.81734,1
0.81734,1
0.81734,1
0.81734,1
0.81734,1
0.81734,0
0.81734,1
0.81734,1
0.81734,1
0.81734,1
0.81734,1
0.81779,1
0.81833,1
0.81976,1
0.81995,1
0.82042,1
0.82098,1
0.822,1
0.822,0
0.822,1
0.822,1
0.82251,1
0.82321,1
0.82321,1
0.82321,1
0.82321,1
0.82365,1
0.82365,1
0.82365,1
0.83031,1
0.83031,1
0.83031,1
0.83031,1
0.83031,1
0.83031,1
0.83031,0
0.83031,1
0.83031,1
0.83031,1
0.83031,1
0.83031,0
0.83031,1
0.83031,1
0.83031,1
0.83031,1
0.83031,1
0.83031,1
0.83031,1
0.83031,1
0.83031,1
0.83031,1
0.83031,1
0.83031,1
0.83031,1
0.83031,1
0.83031,1
0.83031,0
0.83031,0
0.83031,1
0.83031,1
0.83031,1
0.83031,1
0.83218,1
0.83218,1
0.83242,0
0.83247,0
0.83247,1
0.83247,1
0.83316,0
0.83316,1
0.83501,1
0.8359,1
0.8359,1
0.83644,1
0.83644,0
0.83648,1
0.83681,1
0.84164,1
0.84174,1
0.84174,0
0.84249,1
0.84249,1
0.84249,1
0.84249,1
0.84269,1
0.84269,1
0.84276,1
0.84276,1
0.84311,0
0.84425,1
0.84709,1
0.84709,1
0.84709,1
0.84709,1
0.84851,1
0.85078,1
0.85078,1
0.85117,1
0.85266,1
0.85297,1
0.85297,1
0.85297,1
0.85297,1
0.85577,1
0.85716,1
0.85735,1
0.85735,1
0.85735,1
0.85856,1
0.85898,1
0.86076,1
0.86076,1
0.86076,0
0.86076,1
0.86076,1
0.86076,1
0.86076,1
0.86076,1
0.86076,1
0.86076,1
0.86076,1
0.86076,1
0.86076,1
0.86076,1
0.86076,1
0.86076,0
0.86076,0
0.86076,1
0.86076,1
0.86076,1
0.86076,0
0.86076,1
0.86076,1
0.86076,1
0.86076,0
0.86076,1
0.86076,1
0.86076,1
0.86076,1
0.86076,1
0.86076,1
0.86076,1
0.86076,0
0.86076,0
0.86076,1
0.86076,1
0.86076,1
0.86076,1
0.86076,0
0.86076,0
0.86076,1
0.86076,1
0.86076,1
0.86076,1
0.86076,1
0.86076,1
0.86076,1
0.86076,1
0.86076,1
0.86076,1
0.86076,1
0.86076,1
0.86076,1
0.86076,1
0.86076,0
0.86076,1
0.86076,1
0.86076,1
0.86076,1
0.86076,1
0.86076,1
0.86076,1
0.86076,1
0.86076,1
0.86076,1
0.86076,1
0.86076,1
0.86076,1
0.86076,1
0.86076,1
0.86076,1
0.86076,0
0.86076,1
0.86076,1
0.86076,1
0.86076,1
0.86076,1
0.86076,1
0.86076,1
0.86138,1
0.86162,1
0.8651,1
0.86521,1
0.86521,0
0.86668,1
0.86885,1
0.86927,1
0.86927,1
0.86927,1
0.86927,1
0.86958,1
0.8697,1
0.8697,1
0.87151,1
0.8726,1
0.87313,1
0.87477,1
0.87477,1
0.87494,1
0.87494,1
0.87494,1
0.87536,1
0.87722,1
0.87974,1
0.87974,1
0.87974,1
0.8798,1
0.8798,1
0.8809,1
0.88151,1
0.88317,1
0.88334,1
0.88373,1
0.88428,1
0.88655,1
0.88782,1
0.88805,1
0.8886,1
0.88954,1
0.88966,1
0.89006,1
0.89034,1
0.89122,1
0.89122,1
0.8914,1
0.89414,1
0.8947,1
0.89551,1
0.89558,1
0.89599,1
0.89833,1
0.89833,1
0.89858,1
0.89858,1
0.89946,1
0.90033,1
0.90285,1
0.90324,1
0.90369,1
0.90428,0
0.90442,1
0.90442,1
0.90545,1
0.90545,1
0.90545,1
0.90698,1
0.90945,0
0.9096,1
0.91172,1
0.91172,1
0.91172,1
0.91172,1
0.91172,1
0.91249,1
0.91474,1
0.91551,1
0.91693,1
0.91737,1
0.91792,1
0.91867,1
0.92123,1
0.92222,1
0.92249,1
0.9255,1
0.92617,1
0.92735,1
0.93075,1
0.93333,1
0.93333,0
0.93333,1
0.93333,1
0.93333,1
0.93333,1
0.93333,1
0.93333,1
0.93333,1
0.93333,1
0.93333,1
0.93333,1
0.93333,1
0.93333,1
0.93333,0
0.93333,1
0.93333,1
0.93333,1
0.93333,1
0.93333,1
0.93333,1
0.93333,1
0.93333,1
0.93333,1
0.93333,1
0.93333,1
0.93333,1
0.93333,1
0.93333,1
0.93333,1
0.93333,1
0.93333,1
0.93333,1
0.93333,1
0.93333,0
0.93333,1
0.93333,1
0.93333,1
0.93333,1
0.93333,1
0.93333,1
0.93333,1
0.93333,1
0.93333,1
0.93333,1
0.9382,1
0.93846,1
0.93945,1
0.94075,1
0.94201,1
0.94483,1
0.9449,1
0.94859,1
0.94859,1
0.94859,1
0.94859,1
0.94869,1
0.95135,1
0.95135,1
0.95436,1
0.95837,1
0.97941,1
