1	28	1	1	1	0
6	5	1	1	3	1
11	18	1	1	3	0
16	20	1	1	4	0
16	72	1	-1	1	3
21	22	1	1	4	0
21	15	1	1	3	1
21	50	1	1	1	3
26	72	1	1	2	3
31	7	1	1	2	0
31	12	1	1	2	0
36	34	1	1	5	0
36	28	1	-1	1	4
41	24	1	1	5	1
46	35	1	1	4	1
51	51	1	1	7	0
56	45	1	1	1	2
61	31	1	1	4	2
61	8	1	1	2	4
66	79	1	1	2	1
71	35	1	1	3	1
76	72	1	1	1	2
81	17	1	1	3	3
86	79	1	1	2	0
91	38	1	1	4	0
96	55	1	1	2	0
101	18	1	1	1	0
101	49	1	1	4	0
106	29	1	-1	2	2
106	27	1	1	2	1
106	54	1	1	3	1
111	50	1	1	2	0
115	17	1	1	3	0
120	5	1	1	2	1
125	62	1	1	4	1
130	50	1	1	5	1
135	20	1	1	4	0
140	35	1	1	6	0
145	64	1	1	6	0
150	46	1	1	2	1
155	27	1	1	4	1
160	46	1	1	3	1
165	10	1	1	4	0
170	32	1	1	5	0
195	73	1	1	2	0
204	24	1	1	1	0
209	44	1	1	2	0
214	27	1	1	0	0
219	6	1	1	1	0
224	14	1	1	1	1
229	60	1	1	0	0
233	46	1	1	1	0
258	3	1	1	0	0
263	21	1	1	1	0
268	64	1	1	0	0
273	74	1	1	1	1
1	68	2	1	0	0
6	5	2	1	1	1
6	36	2	1	3	1
11	18	2	1	4	0
18	40	2	1	2	0
21	79	2	1	0	0
28	9	2	1	0	1
28	7	2	1	1	0
38	61	2	1	1	1
38	10	2	-1	1	1
41	9	2	1	4	0
41	24	2	-1	5	0
48	71	2	1	2	0
48	18	2	1	1	1
51	51	2	1	5	0
51	12	2	-1	3	2
51	25	2	1	2	2
60	27	2	1	1	0
61	71	2	1	3	2
61	72	2	-1	3	3
70	49	2	1	1	0
70	78	2	1	0	1
71	42	2	1	2	2
80	5	2	1	0	0
80	18	2	1	0	0
81	29	2	1	2	3
81	17	2	1	2	3
90	46	2	1	1	0
91	57	2	1	1	3
91	21	2	1	2	2
98	73	2	1	0	2
98	35	2	1	1	1
98	42	2	-1	1	1
101	49	2	1	0	0
101	18	2	1	0	0
117	39	2	1	1	0
117	45	2	-1	0	0
117	57	2	1	0	0
117	62	2	-1	0	0
120	30	2	-1	0	1
120	43	2	1	2	1
120	5	2	1	3	1
128	51	2	1	0	0
130	66	2	1	0	0
130	50	2	1	4	1
138	5	2	1	0	0
138	14	2	1	0	0
138	33	2	-1	0	0
140	35	2	1	4	0
148	49	2	1	1	0
150	30	2	-1	2	1
150	46	2	1	3	1
157	30	2	1	0	0
157	32	2	1	1	0
162	21	2	1	1	0
162	7	2	1	1	0
162	78	2	-1	0	1
162	51	2	1	1	0
165	40	2	1	2	1
165	10	2	1	3	0
165	7	2	1	1	2
174	22	2	1	0	0
177	27	2	1	1	0
177	43	2	1	1	0
180	42	2	-1	0	4
180	7	2	1	4	0
189	39	2	1	0	0
192	5	2	1	2	0
195	18	2	1	0	1
195	73	2	1	0	0
202	25	2	1	3	0
202	48	2	1	3	0
211	8	2	1	1	0
211	60	2	1	1	0
214	27	2	1	1	0
214	39	2	1	0	0
221	10	2	1	1	0
221	51	2	-1	2	0
224	14	2	1	3	1
224	69	2	1	1	2
231	53	2	1	0	0
233	78	2	-1	0	2
233	46	2	1	3	0
240	42	2	-1	0	2
240	18	2	1	2	0
243	39	2	1	3	0
250	69	2	1	0	0
260	18	2	1	1	1
260	45	2	-1	1	1
260	14	2	1	0	2
264	60	2	1	2	0
264	25	2	-1	1	1
264	41	2	-1	1	1
264	61	2	1	2	0
268	64	2	1	3	0
274	18	2	1	0	1
274	65	2	-1	2	0
274	42	2	1	0	0
274	74	2	1	0	0
5	15	3	1	1	0
8	48	3	1	2	0
13	4	3	1	1	0
17	57	3	-1	1	0
17	20	3	1	0	0
17	40	3	1	1	0
28	44	3	1	0	0
28	22	3	1	0	0
28	9	3	-1	0	0
36	42	3	1	0	0
36	69	3	1	0	0
36	19	3	-1	0	0
36	28	3	-1	0	0
36	34	3	1	0	0
43	30	3	1	0	0
43	42	3	1	0	0
43	44	3	1	0	0
47	47	3	-1	0	0
47	20	3	-1	0	1
47	49	3	1	1	0
51	51	3	1	1	0
51	12	3	1	1	0
57	32	3	1	1	0
57	50	3	1	1	1
63	48	3	1	0	0
67	78	3	1	1	1
67	49	3	1	1	1
67	17	3	1	2	0
71	35	3	1	0	1
71	42	3	1	0	1
71	8	3	-1	1	0
71	70	3	1	0	1
77	35	3	1	2	0
77	32	3	1	2	0
83	79	3	1	0	0
83	49	3	1	0	0
87	51	3	1	1	0
87	16	3	1	1	0
93	47	3	1	0	1
93	51	3	1	1	0
93	36	3	1	1	0
93	7	3	-1	1	0
93	19	3	-1	0	1
93	9	3	-1	1	0
96	43	3	1	0	1
96	64	3	1	1	0
96	55	3	1	1	0
96	31	3	-1	0	1
96	70	3	1	0	1
96	15	3	1	1	0
102	57	3	-1	0	0
102	43	3	1	0	0
102	76	3	-1	0	0
102	33	3	-1	0	0
102	40	3	1	1	0
102	11	3	1	0	0
108	42	3	1	0	0
108	11	3	1	0	0
108	16	3	-1	0	0
108	51	3	1	0	0
108	45	3	-1	0	0
108	24	3	-1	0	0
111	32	3	1	0	0
111	56	3	1	0	0
111	73	3	-1	0	0
111	2	3	1	0	0
111	50	3	1	0	0
111	69	3	1	0	0
116	73	3	-1	1	0
116	54	3	1	1	0
116	67	3	-1	0	1
116	48	3	1	0	0
116	28	3	-1	0	1
116	60	3	-1	0	1
122	15	3	1	0	0
122	45	3	1	0	0
122	71	3	1	0	0
122	24	3	1	0	0
122	67	3	-1	0	0
122	8	3	-1	0	0
125	62	3	-1	1	0
125	16	3	-1	0	1
125	7	3	-1	0	0
125	74	3	-1	0	0
125	28	3	-1	0	1
125	39	3	1	1	0
134	38	3	-1	0	0
134	24	3	-1	0	0
134	52	3	-1	0	0
134	5	3	-1	0	0
134	28	3	-1	0	0
134	55	3	1	0	0
136	14	3	1	0	1
136	61	3	1	1	0
136	71	3	-1	1	0
136	8	3	-1	0	1
136	54	3	1	0	2
136	59	3	-1	1	1
140	35	3	1	2	0
140	11	3	-1	1	1
140	2	3	1	2	0
140	25	3	-1	1	1
140	57	3	1	1	1
140	14	3	-1	0	2
149	32	3	1	1	0
151	51	3	1	1	0
151	39	3	1	1	0
151	42	3	1	1	0
151	78	3	-1	1	0
151	76	3	-1	0	1
155	21	3	1	0	0
155	4	3	1	0	1
155	59	3	-1	0	0
155	73	3	-1	1	0
155	27	3	1	1	1
155	39	3	1	2	0
161	42	3	1	1	0
161	17	3	-1	0	1
161	69	3	1	0	1
161	10	3	1	0	1
161	29	3	1	0	1
161	79	3	1	0	1
165	11	3	1	0	1
165	37	3	1	0	1
165	29	3	1	0	1
165	40	3	1	0	1
165	7	3	-1	1	0
165	10	3	1	1	0
171	30	3	1	1	0
171	69	3	1	0	1
171	65	3	1	1	0
171	18	3	-1	0	1
171	45	3	-1	0	1
171	15	3	1	1	0
175	41	3	1	1	0
175	76	3	-1	0	1
175	45	3	-1	1	0
175	46	3	-1	1	0
175	51	3	1	1	0
175	18	3	-1	1	0
181	65	3	1	0	0
181	34	3	1	0	0
181	73	3	-1	0	0
181	20	3	1	0	0
181	35	3	1	0	0
181	67	3	-1	0	0
185	64	3	-1	0	0
185	38	3	-1	0	0
185	35	3	1	1	0
185	32	3	1	1	0
185	8	3	-1	0	1
185	20	3	-1	1	0
191	73	3	-1	0	0
191	50	3	1	0	0
191	17	3	-1	0	0
191	9	3	-1	0	0
191	3	3	-1	0	0
191	57	3	1	0	0
203	65	3	1	1	0
203	15	3	1	1	0
203	46	3	-1	0	1
203	51	3	1	0	1
203	56	3	-1	0	1
203	34	3	1	0	1
206	60	3	-1	0	1
206	50	3	1	0	1
206	76	3	-1	0	1
206	68	3	1	0	1
206	46	3	-1	0	1
206	15	3	1	1	0
209	44	3	1	1	0
209	71	3	-1	1	0
209	12	3	-1	0	1
209	43	3	1	1	0
209	28	3	-1	1	0
209	55	3	1	1	0
217	39	3	1	0	0
217	10	3	1	0	0
217	46	3	-1	0	0
217	12	3	-1	0	0
217	19	3	-1	0	0
217	8	3	-1	0	0
221	51	3	1	0	0
221	20	3	-1	0	0
221	11	3	-1	0	0
221	63	3	-1	1	0
221	46	3	-1	1	0
221	10	3	1	0	0
224	52	3	-1	0	1
224	61	3	1	0	1
224	73	3	-1	1	0
224	72	3	-1	0	1
224	14	3	1	0	1
224	69	3	1	0	1
232	58	3	-1	0	0
232	46	3	-1	0	0
232	43	3	1	0	0
232	47	3	1	0	0
232	9	3	-1	0	0
232	76	3	-1	0	0
234	51	3	1	0	1
234	9	3	-1	0	1
234	19	3	-1	0	1
234	49	3	1	0	1
234	50	3	-1	1	0
234	17	3	-1	0	1
238	27	3	1	0	0
238	6	3	-1	0	0
238	54	3	1	0	0
238	36	3	-1	0	0
238	37	3	1	0	0
238	41	3	1	0	0
246	76	3	-1	0	0
246	42	3	1	0	0
246	6	3	-1	0	0
246	61	3	1	0	0
246	11	3	1	0	0
246	48	3	-1	0	0
249	20	3	-1	0	0
249	48	3	1	0	0
249	19	3	-1	0	0
249	65	3	1	0	0
249	33	3	-1	0	0
249	55	3	1	0	0
253	52	3	-1	0	1
253	29	3	-1	0	1
253	47	3	-1	0	1
253	41	3	1	0	1
253	12	3	-1	0	1
253	16	3	-1	0	1
261	64	3	-1	0	0
261	54	3	1	0	0
261	47	3	1	0	0
261	35	3	1	0	0
261	20	3	-1	0	0
261	52	3	1	0	0
263	21	3	1	2	0
263	34	3	1	1	0
263	67	3	-1	0	1
263	47	3	1	0	1
263	48	3	-1	1	0
263	64	3	1	1	0
271	15	3	1	0	1
271	10	3	1	1	0
271	34	3	1	0	1
271	45	3	-1	1	0
271	56	3	-1	0	1
271	19	3	-1	0	1
273	35	3	1	1	1
273	49	3	1	0	2
273	15	3	-1	2	0
273	36	3	-1	0	2
273	34	3	-1	0	2
1	58	4	-1	1	1
1	68	4	1	2	1
1	70	4	1	1	1
1	44	4	1	2	0
1	28	4	-1	4	0
1	11	4	-1	0	2
6	36	4	-1	0	0
6	71	4	-1	0	0
6	5	4	1	0	0
6	62	4	-1	0	0
6	63	4	1	0	0
6	67	4	-1	0	0
11	18	4	1	0	0
11	12	4	1	0	0
11	52	4	-1	0	0
11	8	4	1	0	0
11	57	4	-1	0	0
11	37	4	-1	0	0
17	40	4	1	0	0
17	57	4	-1	1	1
17	20	4	-1	1	0
17	73	4	-1	0	0
17	16	4	1	0	0
17	59	4	1	0	0
22	15	4	1	0	0
22	5	4	1	0	0
22	18	4	-1	0	0
22	26	4	-1	0	0
22	64	4	-1	0	0
22	58	4	-1	0	0
26	21	4	1	0	0
26	34	4	1	0	0
26	5	4	1	0	0
26	27	4	-1	0	0
26	51	4	-1	0	0
26	72	4	-1	0	0
32	64	4	1	0	0
32	46	4	-1	0	0
32	37	4	-1	0	0
32	78	4	1	0	0
32	12	4	1	0	0
32	65	4	1	0	0
37	34	4	1	0	0
37	45	4	1	0	0
37	36	4	-1	0	0
37	47	4	-1	0	0
37	67	4	-1	0	0
37	9	4	-1	0	0
41	24	4	1	0	0
41	9	4	1	0	0
41	60	4	1	0	0
41	2	4	-1	0	0
41	31	4	-1	0	0
41	57	4	-1	0	0
51	71	4	-1	1	1
51	25	4	-1	1	1
51	73	4	-1	0	2
51	70	4	1	1	1
51	51	4	1	3	0
51	12	4	1	2	1
58	4	4	1	0	0
58	40	4	1	0	0
58	6	4	-1	0	0
58	8	4	-1	0	0
58	11	4	-1	0	0
58	62	4	-1	0	0
61	73	4	-1	1	3
61	8	4	1	1	4
61	31	4	1	3	2
61	72	4	-1	3	2
61	14	4	-1	1	3
61	71	4	-1	3	1
68	70	4	-1	0	0
68	11	4	-1	0	0
68	45	4	-1	0	0
68	20	4	1	0	0
68	52	4	-1	0	0
68	58	4	-1	0	0
71	35	4	-1	0	0
71	42	4	-1	0	0
71	8	4	1	0	0
71	31	4	1	0	0
71	29	4	-1	0	0
71	70	4	-1	0	0
78	21	4	1	0	0
78	33	4	1	0	0
78	11	4	-1	0	0
78	71	4	-1	0	0
78	26	4	-1	0	0
78	2	4	1	0	0
81	17	4	1	0	0
81	70	4	-1	0	0
81	22	4	-1	0	0
81	71	4	1	0	0
81	29	4	-1	0	0
81	12	4	-1	0	0
89	25	4	1	0	0
89	34	4	1	0	0
89	78	4	-1	0	0
89	54	4	-1	0	0
89	35	4	1	0	0
91	38	4	1	0	0
91	21	4	1	0	0
91	28	4	1	0	0
91	8	4	-1	0	0
91	57	4	-1	0	0
91	35	4	-1	0	0
100	73	4	-1	0	0
100	14	4	-1	0	0
100	49	4	1	0	0
100	38	4	1	0	0
100	42	4	-1	0	0
100	43	4	-1	0	0
101	24	4	1	1	0
101	44	4	-1	1	0
101	18	4	-1	3	0
101	71	4	-1	0	1
101	48	4	-1	0	1
101	49	4	1	2	0
110	40	4	1	0	0
110	49	4	1	0	0
110	45	4	-1	0	0
110	73	4	-1	0	0
110	60	4	-1	0	0
110	16	4	-1	0	0
110	47	4	-1	0	0
119	73	4	-1	0	1
119	57	4	-1	1	0
119	16	4	-1	0	1
119	6	4	1	0	0
119	52	4	-1	0	1
119	63	4	-1	0	1
120	16	4	-1	0	3
120	43	4	-1	3	1
120	7	4	1	1	2
120	30	4	1	1	3
120	79	4	1	1	2
120	5	4	1	4	1
129	39	4	1	0	0
130	31	4	1	2	0
130	50	4	1	2	1
130	34	4	1	2	1
130	43	4	-1	2	1
130	26	4	-1	1	2
130	38	4	-1	1	2
130	66	4	-1	1	0
139	79	4	1	0	0
139	52	4	-1	0	0
139	41	4	-1	0	0
139	62	4	-1	0	0
139	26	4	-1	0	0
139	56	4	1	0	0
140	35	4	1	7	0
149	32	4	1	0	0
150	30	4	1	2	2
150	69	4	-1	1	1
150	50	4	1	1	1
157	32	4	1	2	0
157	30	4	1	1	0
157	39	4	-1	1	1
160	31	4	1	3	2
160	70	4	-1	2	3
160	2	4	1	2	3
160	46	4	-1	4	1
160	72	4	-1	2	3
160	16	4	-1	4	1
166	38	4	-1	1	1
166	55	4	1	0	2
166	25	4	-1	1	1
166	20	4	1	2	0
166	78	4	-1	0	2
166	71	4	-1	1	1
170	48	4	-1	3	1
170	32	4	1	3	0
170	78	4	-1	1	3
170	71	4	-1	1	3
170	58	4	-1	2	2
170	27	4	-1	3	1
176	79	4	-1	0	1
176	22	4	-1	0	1
176	6	4	1	1	0
176	25	4	-1	1	1
176	19	4	-1	0	1
176	9	4	-1	0	1
180	79	4	1	1	2
180	56	4	1	3	0
180	7	4	1	3	0
180	19	4	-1	2	1
180	42	4	-1	0	3
180	60	4	-1	1	2
186	22	4	-1	0	2
186	63	4	-1	0	2
186	12	4	-1	0	2
186	24	4	1	2	0
186	15	4	1	1	1
186	49	4	-1	1	1
190	16	4	-1	1	3
190	69	4	-1	1	3
190	24	4	1	4	0
190	51	4	-1	3	1
190	31	4	-1	1	3
190	15	4	1	3	1
199	6	4	1	1	0
200	5	4	1	3	0
200	65	4	1	3	0
200	30	4	1	2	1
208	5	4	1	0	0
208	79	4	-1	0	0
208	72	4	-1	0	0
208	14	4	-1	0	0
208	24	4	1	0	0
208	71	4	-1	0	0
209	44	4	1	5	0
209	55	4	1	4	0
209	71	4	-1	3	1
209	12	4	-1	0	4
209	43	4	-1	4	0
209	28	4	-1	2	2
218	49	4	-1	0	1
218	26	4	1	1	0
218	78	4	-1	0	1
218	64	4	-1	1	0
218	39	4	1	0	1
218	44	4	-1	0	1
219	64	4	1	1	0
219	6	4	1	2	0
219	45	4	-1	1	0
219	41	4	-1	1	0
219	74	4	-1	0	1
219	22	4	-1	0	1
228	57	4	-1	1	0
228	18	4	-1	0	1
228	64	4	1	1	0
228	71	4	-1	0	1
228	34	4	-1	0	1
228	20	4	1	0	1
229	55	4	1	0	0
229	60	4	1	1	0
229	74	4	-1	0	0
229	58	4	-1	0	0
229	36	4	-1	0	0
229	19	4	-1	0	0
236	40	4	1	0	0
236	6	4	1	0	0
236	32	4	1	0	0
236	37	4	-1	0	0
236	20	4	-1	0	0
236	60	4	-1	0	0
238	27	4	1	1	0
238	6	4	1	0	1
238	54	4	-1	1	0
238	36	4	-1	0	1
238	37	4	-1	1	0
238	41	4	-1	1	0
246	61	4	1	1	0
246	76	4	-1	0	1
246	42	4	-1	1	0
246	6	4	-1	0	1
246	11	4	-1	1	0
246	48	4	-1	0	1
248	35	4	1	2	2
248	11	4	-1	4	0
248	37	4	-1	0	4
248	49	4	-1	3	1
248	42	4	-1	0	4
248	38	4	1	2	2
256	3	4	1	0	0
256	30	4	1	0	0
256	18	4	-1	0	0
256	42	4	-1	0	0
256	12	4	-1	0	0
256	2	4	-1	0	0
258	7	4	1	3	0
258	3	4	1	2	2
258	20	4	-1	1	2
258	11	4	-1	2	1
258	2	4	-1	1	2
258	19	4	-1	1	2
263	21	4	1	3	0
263	34	4	-1	2	0
263	67	4	-1	0	2
263	64	4	1	2	0
263	48	4	-1	1	1
263	47	4	-1	1	1
268	14	4	1	0	0
268	56	4	1	0	0
268	64	4	1	1	0
268	44	4	-1	0	0
268	9	4	-1	0	0
268	74	4	-1	0	0
273	15	4	1	0	0
273	74	4	1	0	0
273	34	4	-1	0	0
273	36	4	-1	0	0
273	49	4	-1	0	0
273	35	4	-1	0	0
4	69	5	1	0	0
4	29	5	1	0	0
4	73	5	-1	0	0
4	25	5	-1	0	0
4	34	5	-1	0	0
4	68	5	1	1	0
9	34	5	1	0	0
9	2	5	1	0	0
9	11	5	1	0	0
9	29	5	1	1	0
9	10	5	-1	1	0
9	35	5	-1	0	1
9	62	5	-1	0	0
12	28	5	1	1	0
12	30	5	-1	1	0
12	5	5	1	1	0
12	17	5	-1	1	0
12	67	5	1	1	0
12	52	5	1	1	0
16	25	5	-1	1	2
16	67	5	1	2	1
16	4	5	1	1	2
16	72	5	1	0	3
16	20	5	1	3	0
16	14	5	-1	1	2
22	26	5	-1	0	2
22	64	5	-1	1	2
22	58	5	-1	0	3
22	18	5	-1	2	1
22	5	5	1	1	1
22	15	5	1	1	1
31	12	5	1	1	0
31	10	5	-1	0	1
31	2	5	1	1	1
31	41	5	-1	1	0
31	40	5	1	0	1
31	7	5	1	1	0
37	67	5	1	0	2
37	45	5	-1	2	0
37	34	5	1	1	1
37	47	5	-1	0	2
37	36	5	-1	0	2
37	9	5	1	1	1
42	62	5	-1	0	1
42	30	5	-1	1	0
42	73	5	1	1	0
42	52	5	-1	1	0
42	37	5	-1	0	1
42	2	5	1	1	0
46	69	5	1	0	1
46	4	5	1	0	1
46	35	5	-1	1	0
46	29	5	1	0	1
46	37	5	-1	0	1
46	58	5	-1	0	1
53	79	5	1	0	0
53	46	5	-1	0	0
53	17	5	-1	0	0
53	56	5	1	0	0
53	49	5	-1	0	0
53	11	5	1	0	0
58	11	5	1	0	1
58	8	5	1	0	1
58	6	5	1	0	1
58	4	5	1	1	0
58	40	5	1	1	0
58	62	5	-1	0	1
61	72	5	1	2	2
61	14	5	-1	1	2
61	71	5	1	2	1
61	8	5	-1	1	3
61	31	5	1	2	2
68	45	5	-1	0	2
68	11	5	1	0	1
68	70	5	1	1	1
68	58	5	-1	0	1
68	20	5	1	1	0
68	52	5	-1	0	1
73	73	5	-1	0	1
73	11	5	1	1	0
73	74	5	-1	1	0
73	55	5	1	1	0
73	50	5	1	1	0
73	78	5	1	1	0
76	72	5	1	0	1
76	10	5	-1	0	2
76	37	5	-1	2	0
76	27	5	1	1	1
76	74	5	-1	0	1
76	54	5	-1	1	1
83	79	5	1	1	0
83	11	5	1	0	0
83	31	5	-1	0	0
83	63	5	1	0	0
83	49	5	-1	1	0
83	5	5	1	0	0
88	65	5	1	2	1
88	49	5	1	2	1
88	22	5	1	1	2
88	74	5	1	1	2
88	46	5	-1	1	2
88	63	5	1	1	2
92	56	5	-1	0	0
92	22	5	1	0	0
92	6	5	1	0	0
92	67	5	1	0	0
92	33	5	-1	0	0
92	45	5	-1	0	0
96	43	5	-1	1	1
96	64	5	1	2	0
96	55	5	1	3	0
96	31	5	-1	0	2
96	70	5	1	1	1
96	15	5	1	2	0
103	39	5	1	3	0
103	6	5	1	3	0
103	65	5	1	1	2
103	9	5	1	1	2
103	78	5	-1	1	2
103	15	5	-1	1	2
107	70	5	1	0	0
107	49	5	1	0	0
107	65	5	1	0	0
107	52	5	-1	0	0
107	28	5	1	0	0
107	14	5	-1	0	0
111	73	5	-1	0	1
111	56	5	1	1	0
111	69	5	1	1	0
111	32	5	1	1	0
111	2	5	1	1	0
111	50	5	1	1	0
117	62	5	-1	0	2
117	52	5	-1	0	1
117	39	5	1	2	1
117	45	5	-1	0	2
117	57	5	-1	1	1
117	50	5	1	2	0
126	57	5	-1	0	1
126	3	5	-1	0	1
126	38	5	1	0	0
126	69	5	1	0	1
126	33	5	-1	1	0
126	30	5	-1	1	0
130	31	5	1	1	0
130	50	5	1	1	1
130	34	5	1	1	1
130	43	5	1	1	1
130	26	5	-1	1	1
130	38	5	1	0	2
137	15	5	1	1	0
137	31	5	1	1	0
137	24	5	1	1	0
137	47	5	1	0	1
137	78	5	-1	0	1
137	42	5	-1	0	1
141	22	5	1	0	0
141	16	5	1	0	0
141	70	5	1	0	0
141	19	5	-1	0	0
141	27	5	1	0	0
141	61	5	1	0	0
145	74	5	-1	0	0
145	64	5	1	0	0
145	3	5	-1	0	0
145	17	5	-1	0	0
145	63	5	1	0	0
145	19	5	-1	0	0
152	31	5	-1	0	1
152	74	5	-1	0	1
152	24	5	1	1	0
152	40	5	1	1	0
152	30	5	-1	1	0
152	68	5	1	1	0
156	76	5	-1	0	1
156	12	5	1	0	1
156	38	5	1	0	1
156	18	5	-1	0	1
156	2	5	1	1	0
156	72	5	1	0	1
162	59	5	1	0	0
162	11	5	1	0	0
162	7	5	1	0	0
162	21	5	1	0	0
162	51	5	1	0	0
162	78	5	-1	0	0
166	38	5	1	0	0
166	55	5	-1	0	0
166	25	5	-1	0	0
166	71	5	1	0	0
166	78	5	-1	0	0
166	20	5	1	0	0
170	27	5	1	0	1
170	78	5	-1	0	1
170	48	5	1	1	0
170	58	5	-1	0	1
170	71	5	1	0	1
170	32	5	1	1	0
177	27	5	1	0	0
177	60	5	-1	0	0
177	43	5	1	0	0
177	56	5	-1	0	0
177	31	5	1	0	0
177	35	5	-1	0	0
181	65	5	1	1	0
181	34	5	-1	1	0
181	73	5	1	0	1
181	20	5	1	1	0
181	35	5	-1	1	0
181	67	5	1	0	1
187	42	5	-1	0	0
187	16	5	1	0	0
187	62	5	-1	0	0
187	31	5	-1	0	0
187	58	5	-1	0	0
187	3	5	-1	0	0
191	73	5	-1	0	1
191	50	5	1	1	0
191	17	5	-1	0	1
191	9	5	1	0	1
191	3	5	-1	0	1
191	57	5	-1	1	0
196	22	5	1	0	1
196	14	5	1	1	0
196	5	5	1	1	0
196	16	5	-1	0	1
196	42	5	-1	0	1
196	21	5	1	1	0
200	5	5	1	2	0
200	58	5	-1	0	2
200	65	5	1	2	0
200	30	5	-1	2	0
200	57	5	-1	0	2
200	63	5	-1	0	2
208	72	5	1	0	1
208	79	5	1	0	1
208	14	5	-1	0	1
208	71	5	1	0	1
208	24	5	1	1	0
208	5	5	1	1	0
212	12	5	1	0	0
212	29	5	1	0	0
212	46	5	-1	0	0
212	24	5	1	0	0
212	47	5	-1	0	0
212	68	5	-1	0	0
216	42	5	-1	0	2
216	20	5	1	0	2
216	52	5	1	1	1
216	54	5	-1	1	0
216	46	5	-1	1	1
216	29	5	1	0	2
220	50	5	1	0	1
220	25	5	-1	0	1
220	52	5	-1	0	1
220	8	5	1	1	0
220	12	5	1	0	1
220	67	5	1	1	0
226	65	5	1	0	0
226	51	5	1	0	0
226	38	5	1	0	0
226	32	5	-1	0	0
226	46	5	-1	0	0
226	4	5	1	0	0
235	70	5	1	0	0
235	47	5	-1	0	0
235	7	5	1	0	0
235	48	5	1	0	0
235	64	5	1	0	0
235	55	5	1	0	0
238	27	5	1	3	0
238	6	5	1	2	1
238	54	5	-1	1	1
238	36	5	-1	0	2
238	37	5	-1	2	1
238	41	5	-1	2	1
245	62	5	-1	0	1
245	65	5	1	1	0
245	26	5	-1	0	1
245	30	5	-1	0	1
245	29	5	1	0	1
245	27	5	1	0	1
248	38	5	1	0	1
248	42	5	-1	0	1
248	49	5	1	1	0
248	37	5	-1	0	1
248	11	5	1	1	0
248	35	5	-1	1	0
255	40	5	1	2	0
255	70	5	1	1	1
255	72	5	1	1	1
255	5	5	1	1	0
255	73	5	1	2	0
255	38	5	1	1	1
258	7	5	1	1	0
258	3	5	-1	1	1
258	20	5	1	0	1
258	11	5	1	0	1
258	2	5	1	0	1
258	19	5	-1	1	0
266	74	5	-1	0	0
266	7	5	1	0	0
266	56	5	-1	0	0
266	71	5	1	0	0
266	47	5	-1	0	0
266	58	5	-1	0	0
268	9	5	1	0	1
268	44	5	1	0	1
268	64	5	1	2	0
268	56	5	-1	1	0
268	14	5	-1	1	0
268	74	5	-1	0	1
276	44	5	1	1	0
276	51	5	1	0	1
276	22	5	1	1	0
276	2	5	1	1	0
276	15	5	-1	1	0
276	50	5	1	1	0
1	70	6	-1	2	1
1	68	6	1	4	1
1	58	6	1	1	2
1	11	6	-1	0	3
1	28	6	1	4	1
1	44	6	1	3	0
6	67	6	-1	0	2
6	62	6	-1	0	2
6	63	6	-1	1	1
6	5	6	1	2	1
6	71	6	-1	1	1
6	36	6	1	1	1
11	18	6	1	2	0
11	12	6	1	1	1
11	52	6	-1	1	2
11	8	6	1	1	1
11	57	6	-1	0	2
11	37	6	-1	1	2
18	32	6	-1	1	0
18	35	6	-1	1	0
18	50	6	1	1	0
18	56	6	1	1	0
18	40	6	1	1	0
18	39	6	-1	0	2
22	58	6	-1	0	2
22	64	6	1	0	2
22	26	6	1	0	3
22	18	6	1	1	1
22	5	6	-1	2	1
22	15	6	-1	2	1
26	72	6	-1	2	2
26	51	6	1	2	3
26	27	6	1	2	2
26	5	6	-1	3	1
26	34	6	-1	3	2
26	21	6	1	3	1
33	39	6	-1	1	1
33	51	6	1	0	2
33	70	6	-1	1	1
33	37	6	1	1	1
33	28	6	1	2	0
33	71	6	-1	0	2
41	24	6	1	4	0
41	9	6	1	3	0
41	57	6	-1	0	3
41	31	6	1	1	3
41	2	6	1	0	3
41	60	6	-1	1	2
52	69	6	-1	0	3
52	72	6	-1	1	2
52	40	6	1	2	1
52	20	6	-1	0	3
52	22	6	-1	1	2
52	61	6	-1	1	2
62	10	6	-1	0	2
62	35	6	1	2	0
62	21	6	1	2	0
62	7	6	1	1	1
62	61	6	-1	0	2
62	52	6	-1	0	2
68	45	6	-1	0	1
68	70	6	1	0	1
68	11	6	1	1	1
68	58	6	-1	0	2
68	20	6	1	2	0
68	52	6	1	0	2
72	40	6	1	1	0
72	61	6	-1	0	1
72	62	6	-1	0	1
72	76	6	-1	0	1
72	2	6	1	0	1
72	12	6	-1	0	1
76	72	6	-1	2	2
76	10	6	-1	0	3
76	37	6	-1	2	1
76	27	6	1	2	1
76	74	6	-1	0	2
76	54	6	1	1	2
82	52	6	1	2	1
82	72	6	-1	0	3
82	61	6	-1	0	3
82	36	6	1	1	2
82	45	6	-1	2	1
88	65	6	-1	1	0
88	49	6	1	1	0
88	22	6	-1	0	1
88	63	6	1	0	1
88	46	6	1	0	1
88	74	6	-1	1	0
92	33	6	-1	0	1
92	6	6	1	1	1
92	56	6	1	0	1
92	45	6	-1	0	2
92	22	6	-1	2	0
92	67	6	1	1	1
100	42	6	-1	0	1
100	73	6	1	0	1
100	43	6	-1	0	1
100	14	6	-1	0	1
100	49	6	1	1	0
109	50	6	1	1	0
109	35	6	1	1	0
109	41	6	-1	0	1
109	34	6	1	1	0
109	70	6	1	0	1
109	21	6	1	0	1
118	71	6	-1	0	0
118	54	6	1	0	0
118	61	6	-1	0	0
118	36	6	1	0	0
118	24	6	1	0	0
118	5	6	-1	0	0
126	3	6	-1	0	3
126	57	6	-1	1	2
126	69	6	-1	1	2
126	33	6	-1	2	1
126	30	6	1	2	1
126	38	6	-1	2	0
138	16	6	1	0	0
138	29	6	-1	0	0
138	68	6	1	0	0
138	33	6	-1	0	1
138	14	6	1	1	0
138	5	6	-1	1	0
156	38	6	1	2	1
156	76	6	-1	0	3
156	12	6	1	2	1
156	72	6	-1	1	2
156	18	6	1	1	2
156	2	6	-1	2	1
169	40	6	1	1	0
169	35	6	-1	0	1
169	65	6	-1	1	0
169	30	6	1	1	0
169	33	6	-1	1	0
169	9	6	-1	1	0
172	51	6	1	1	1
172	8	6	1	1	1
172	19	6	-1	0	2
172	41	6	1	1	1
172	37	6	-1	0	2
172	74	6	-1	1	1
184	57	6	-1	0	1
184	33	6	1	1	0
184	63	6	1	0	1
184	12	6	-1	0	1
184	7	6	1	1	0
184	47	6	-1	0	1
187	42	6	-1	0	1
187	16	6	1	2	0
187	62	6	-1	0	1
187	3	6	-1	0	1
187	51	6	1	1	0
187	31	6	-1	0	1
187	58	6	-1	0	1
195	73	6	1	3	0
195	18	6	-1	1	1
195	54	6	-1	1	0
195	31	6	-1	1	0
195	51	6	1	1	0
195	61	6	1	0	1
204	3	6	-1	2	0
204	24	6	1	3	0
204	21	6	1	0	1
204	32	6	1	1	0
204	33	6	-1	1	0
204	59	6	1	2	0
209	44	6	1	6	0
209	71	6	-1	3	2
209	12	6	-1	0	5
209	43	6	-1	4	1
209	28	6	1	2	3
209	55	6	-1	5	0
214	70	6	1	0	2
214	27	6	1	3	1
214	36	6	1	1	1
214	39	6	-1	3	0
214	62	6	-1	1	1
214	76	6	-1	1	1
3	18	7	1	0	0
3	24	7	1	0	0
3	15	7	-1	0	0
3	68	7	-1	0	0
3	38	7	-1	0	0
3	6	7	-1	0	1
10	69	7	-1	0	1
10	30	7	-1	0	0
10	31	7	-1	0	0
10	43	7	1	0	0
10	14	7	-1	1	0
10	20	7	1	1	0
13	6	7	1	1	0
13	24	7	1	1	1
13	68	7	-1	1	1
13	5	7	-1	0	2
13	4	7	-1	2	0
13	29	7	1	1	0
16	25	7	-1	0	0
16	67	7	-1	0	0
16	4	7	-1	0	0
16	14	7	-1	0	0
16	72	7	-1	0	0
16	20	7	1	0	0
25	41	7	-1	0	0
25	39	7	1	0	0
28	44	7	-1	2	0
28	7	7	1	2	0
28	9	7	-1	1	2
28	33	7	-1	1	0
28	6	7	-1	1	0
31	2	7	1	0	1
40	44	7	-1	0	0
40	71	7	1	0	0
40	33	7	1	0	0
40	6	7	-1	0	0
40	68	7	-1	0	0
43	44	7	-1	2	0
43	30	7	-1	1	1
43	58	7	-1	0	1
43	63	7	-1	1	0
43	42	7	-1	1	1
43	59	7	1	1	0
46	35	7	1	3	1
46	29	7	-1	3	1
46	37	7	-1	1	2
46	58	7	-1	1	2
46	69	7	-1	2	2
46	4	7	-1	2	2
52	69	7	-1	0	0
52	61	7	1	0	0
52	22	7	-1	0	0
52	20	7	-1	0	0
52	40	7	-1	0	0
52	72	7	-1	0	0
61	14	7	-1	0	0
61	31	7	1	0	0
61	8	7	-1	0	0
61	73	7	-1	0	0
61	71	7	-1	0	0
61	72	7	-1	0	0
67	17	7	1	3	0
67	72	7	-1	1	1
67	78	7	1	2	1
67	34	7	-1	1	1
72	61	7	-1	0	3
72	76	7	-1	1	2
72	62	7	-1	1	2
72	2	7	1	2	1
72	40	7	1	3	0
72	12	7	-1	1	2
76	27	7	1	0	1
76	37	7	1	1	0
76	10	7	-1	0	1
76	54	7	-1	1	0
76	72	7	-1	1	1
82	45	7	1	1	0
82	52	7	-1	1	0
82	72	7	-1	0	1
82	59	7	-1	0	1
82	61	7	-1	0	1
82	36	7	1	0	1
87	51	7	1	2	1
87	73	7	-1	0	2
87	78	7	-1	1	1
87	41	7	-1	1	1
87	16	7	1	3	0
91	38	7	1	2	0
91	28	7	-1	1	1
91	21	7	-1	1	1
91	8	7	-1	1	1
91	57	7	-1	1	1
91	35	7	-1	1	1
97	52	7	1	0	0
97	38	7	1	0	0
97	39	7	-1	0	0
97	16	7	-1	0	0
97	36	7	-1	0	0
97	10	7	-1	0	0
103	39	7	1	1	0
103	6	7	1	1	0
103	65	7	-1	0	1
103	9	7	-1	1	0
103	78	7	1	0	1
103	15	7	-1	1	0
106	27	7	1	1	1
106	47	7	-1	1	1
106	12	7	-1	1	1
106	29	7	1	1	2
106	25	7	-1	1	1
106	54	7	1	2	1
112	40	7	1	2	0
112	51	7	-1	0	2
112	47	7	1	1	1
112	44	7	-1	1	1
112	64	7	-1	1	0
112	62	7	-1	1	1
117	50	7	1	1	0
117	57	7	-1	1	0
117	45	7	-1	0	1
117	39	7	-1	2	0
117	52	7	-1	0	0
117	62	7	-1	0	1
120	16	7	-1	0	2
120	43	7	1	1	1
120	7	7	-1	1	1
120	30	7	-1	1	2
120	79	7	-1	1	1
120	5	7	1	1	1
125	7	7	-1	0	1
125	74	7	-1	0	1
125	16	7	1	0	2
125	62	7	1	1	1
125	28	7	-1	0	2
125	39	7	-1	2	0
130	43	7	1	0	0
130	50	7	1	0	0
130	31	7	1	0	0
130	34	7	-1	0	0
130	26	7	-1	0	0
130	38	7	-1	0	0
135	79	7	1	1	1
135	32	7	1	2	1
135	6	7	-1	1	1
135	78	7	-1	0	3
135	4	7	-1	0	2
135	20	7	1	2	0
140	11	7	-1	2	2
140	35	7	1	5	0
140	2	7	1	4	0
140	25	7	-1	2	2
140	57	7	-1	3	1
140	14	7	-1	0	4
145	64	7	1	3	0
145	3	7	-1	0	2
145	17	7	-1	1	1
145	63	7	-1	1	0
145	19	7	-1	0	2
145	5	7	-1	0	0
145	74	7	-1	0	2
145	32	7	1	0	0
145	2	7	-1	0	1
150	30	7	-1	1	0
150	46	7	1	0	1
150	54	7	-1	0	1
150	60	7	-1	0	1
150	50	7	1	2	1
150	69	7	-1	1	2
155	73	7	-1	1	3
155	27	7	1	5	1
155	39	7	-1	5	0
155	21	7	1	1	2
155	4	7	-1	2	3
164	25	7	-1	0	0
164	19	7	1	0	0
164	31	7	1	1	0
164	55	7	-1	0	1
164	26	7	-1	0	1
164	15	7	1	1	0
167	70	7	1	0	0
167	56	7	1	0	0
167	32	7	1	0	0
167	48	7	-1	0	0
167	61	7	-1	0	0
167	45	7	-1	0	0
170	27	7	1	3	2
170	78	7	-1	1	4
170	58	7	-1	2	3
170	71	7	-1	1	4
170	32	7	1	6	0
170	48	7	1	3	2
179	46	7	1	1	0
179	3	7	-1	0	1
179	73	7	-1	0	1
179	34	7	-1	0	1
179	26	7	-1	0	1
179	49	7	1	1	0
182	24	7	1	1	0
182	64	7	1	1	0
182	76	7	-1	0	1
182	68	7	-1	0	1
182	8	7	-1	0	1
182	40	7	-1	0	1
223	79	7	-1	0	0
223	16	7	-1	0	0
223	47	7	-1	0	0
223	61	7	1	0	0
223	6	7	1	0	0
223	76	7	-1	0	0
224	69	7	-1	1	1
224	14	7	1	2	1
224	72	7	-1	0	2
224	73	7	-1	1	1
224	61	7	-1	1	1
224	52	7	-1	0	2
238	27	7	1	2	0
238	37	7	1	1	1
238	41	7	1	1	1
238	6	7	1	1	1
275	50	7	1	0	0
275	31	7	1	0	0
275	64	7	-1	0	0
275	37	7	-1	0	0
275	45	7	-1	0	0
275	67	7	-1	0	0
2	33	8	-1	0	0
2	68	8	-1	0	0
2	76	8	-1	1	1
2	20	8	1	1	1
2	37	8	1	0	2
7	33	8	-1	0	0
7	62	8	-1	0	0
7	9	8	-1	0	0
7	44	8	1	0	0
7	17	8	-1	0	0
7	70	8	-1	0	0
11	37	8	-1	0	1
11	57	8	-1	0	1
11	8	8	-1	1	0
11	18	8	1	1	0
11	12	8	-1	1	0
11	52	8	-1	0	1
18	40	8	1	0	0
18	50	8	1	0	0
18	35	8	1	0	0
18	32	8	1	0	0
18	39	8	-1	0	0
18	56	8	1	0	0
22	18	8	1	0	1
22	5	8	-1	1	0
22	58	8	-1	0	1
22	64	8	-1	0	1
22	26	8	-1	0	1
22	15	8	-1	1	0
26	27	8	1	0	1
26	34	8	-1	1	0
26	51	8	-1	0	1
26	72	8	-1	0	1
26	5	8	-1	1	0
26	21	8	1	1	0
33	71	8	-1	0	1
33	39	8	-1	1	0
33	51	8	-1	0	1
33	70	8	1	0	1
33	37	8	-1	1	0
33	28	8	1	1	0
37	36	8	-1	0	1
37	47	8	-1	0	1
37	9	8	1	0	1
37	34	8	-1	1	0
37	45	8	1	1	0
37	67	8	-1	0	1
41	24	8	1	1	0
41	2	8	-1	0	1
41	60	8	-1	1	0
41	31	8	-1	0	1
41	57	8	-1	0	1
41	9	8	1	1	0
48	71	8	1	0	0
48	18	8	1	0	0
48	68	8	-1	0	0
48	60	8	-1	0	0
48	16	8	-1	0	0
48	8	8	-1	0	0
52	69	8	-1	0	1
52	40	8	1	0	1
52	20	8	-1	0	1
52	22	8	-1	0	1
52	61	8	-1	1	0
52	72	8	-1	0	1
56	35	8	1	1	1
56	33	8	-1	2	0
56	79	8	1	1	1
56	45	8	-1	1	1
56	74	8	-1	0	2
56	15	8	-1	0	1
62	10	8	-1	0	0
62	35	8	1	0	0
62	52	8	-1	0	0
62	21	8	1	0	0
62	61	8	-1	0	0
62	7	8	-1	0	0
67	49	8	-1	1	0
67	78	8	-1	1	0
67	34	8	-1	1	0
67	16	8	-1	1	0
67	72	8	-1	1	0
67	17	8	1	1	0
71	35	8	1	2	1
71	42	8	1	1	2
71	8	8	1	1	2
71	29	8	-1	0	2
71	31	8	-1	1	1
71	70	8	-1	1	2
77	32	8	1	0	0
77	35	8	1	0	0
77	5	8	-1	0	0
77	25	8	-1	0	0
77	16	8	-1	0	0
77	47	8	-1	0	0
82	52	8	1	0	0
82	72	8	-1	0	0
82	59	8	-1	0	0
82	45	8	1	0	0
82	61	8	-1	0	0
82	36	8	-1	0	0
86	35	8	-1	0	0
86	74	8	-1	0	0
86	40	8	-1	0	0
86	19	8	-1	0	0
86	79	8	1	0	0
86	27	8	-1	0	0
94	69	8	-1	0	0
94	20	8	1	0	0
94	3	8	-1	0	0
94	15	8	1	0	0
94	2	8	-1	0	0
94	45	8	-1	0	0
98	42	8	1	0	0
98	46	8	-1	0	0
98	76	8	-1	0	0
98	73	8	-1	0	1
98	67	8	-1	1	0
98	35	8	-1	0	0
104	19	8	1	0	0
104	59	8	-1	0	0
104	79	8	-1	0	0
104	57	8	-1	1	0
104	30	8	-1	0	1
104	27	8	1	0	0
107	70	8	1	1	1
107	49	8	-1	2	0
107	65	8	1	2	1
107	52	8	-1	0	3
107	28	8	-1	1	1
107	14	8	-1	0	3
112	44	8	1	0	0
112	47	8	-1	0	0
112	51	8	-1	0	0
112	40	8	1	0	0
112	64	8	1	0	0
112	62	8	-1	0	0
119	57	8	1	0	0
119	73	8	-1	0	0
119	16	8	-1	0	0
119	52	8	-1	0	0
119	63	8	-1	0	0
119	6	8	1	1	0
120	7	8	1	0	0
120	43	8	1	0	0
120	16	8	-1	0	0
120	30	8	-1	0	0
120	79	8	-1	0	0
120	5	8	-1	0	0
127	49	8	-1	0	0
127	70	8	1	0	0
127	16	8	-1	0	0
127	40	8	-1	0	0
127	47	8	-1	0	0
127	41	8	1	2	1
131	63	8	-1	0	0
131	79	8	-1	0	0
131	21	8	1	0	0
131	37	8	-1	0	0
131	59	8	-1	0	0
131	30	8	1	0	0
135	4	8	-1	0	0
135	32	8	-1	0	0
135	78	8	-1	0	0
135	6	8	-1	0	0
135	79	8	-1	0	0
135	20	8	1	0	0
142	41	8	-1	1	0
142	2	8	-1	0	0
142	58	8	-1	0	1
142	20	8	1	1	0
142	72	8	-1	0	0
142	40	8	-1	1	0
146	65	8	1	0	0
146	10	8	-1	0	0
146	34	8	-1	0	0
146	36	8	-1	0	0
146	60	8	-1	0	0
146	22	8	-1	0	0
150	50	8	1	0	0
150	69	8	-1	0	0
150	60	8	-1	0	0
150	54	8	-1	0	0
150	46	8	-1	0	0
150	30	8	1	0	0
157	39	8	-1	1	0
157	16	8	-1	0	1
157	5	8	-1	0	1
157	46	8	-1	0	1
157	29	8	-1	0	1
157	30	8	1	2	0
157	32	8	-1	3	0
161	42	8	1	0	0
161	17	8	-1	0	0
161	69	8	-1	0	0
161	10	8	-1	0	0
161	29	8	-1	0	0
161	79	8	-1	0	0
165	7	8	1	0	0
165	40	8	-1	0	0
165	29	8	-1	0	0
165	10	8	1	0	0
165	37	8	-1	0	0
165	11	8	-1	0	0
172	37	8	-1	0	0
172	41	8	-1	0	0
172	74	8	-1	0	0
172	51	8	-1	0	0
172	8	8	1	0	0
172	19	8	-1	0	0
176	22	8	-1	0	0
176	25	8	-1	0	0
176	79	8	-1	0	0
176	19	8	-1	0	0
176	9	8	-1	0	0
176	6	8	1	0	0
182	64	8	1	0	0
182	76	8	-1	0	0
182	68	8	-1	0	0
182	8	8	-1	0	0
182	24	8	1	0	0
182	40	8	-1	0	0
186	22	8	-1	0	0
186	63	8	-1	0	0
186	12	8	-1	0	0
186	24	8	1	0	0
186	15	8	-1	0	0
186	49	8	-1	0	0
190	24	8	1	3	0
190	51	8	-1	3	0
190	31	8	-1	1	2
190	15	8	-1	3	0
190	69	8	-1	1	2
190	16	8	-1	1	2
199	6	8	1	0	0
199	51	8	-1	0	0
199	58	8	-1	0	0
199	67	8	1	0	0
199	27	8	-1	0	0
203	65	8	1	0	0
203	34	8	-1	0	0
203	56	8	-1	0	0
203	51	8	-1	0	0
203	46	8	-1	0	0
203	15	8	1	0	0
206	15	8	1	0	0
206	46	8	-1	0	0
206	68	8	-1	0	0
206	76	8	-1	0	0
206	50	8	-1	0	0
206	60	8	-1	0	0
210	65	8	1	0	0
210	45	8	-1	0	0
210	35	8	-1	0	0
210	76	8	-1	0	0
210	47	8	-1	0	0
210	38	8	-1	0	0
216	46	8	1	0	0
216	29	8	-1	0	0
216	52	8	-1	0	0
216	42	8	-1	0	0
216	20	8	-1	0	0
216	54	8	1	2	1
220	50	8	-1	0	0
220	25	8	-1	0	0
220	52	8	-1	0	0
220	8	8	1	0	0
220	67	8	1	0	0
220	12	8	-1	0	0
224	69	8	-1	0	0
224	72	8	-1	0	0
224	61	8	-1	0	0
224	52	8	-1	0	0
224	73	8	1	0	0
224	14	8	-1	0	0
231	6	8	1	0	0
231	71	8	-1	0	0
231	63	8	-1	0	0
231	52	8	-1	0	0
231	49	8	-1	0	0
231	61	8	-1	0	0
234	51	8	-1	0	0
234	9	8	-1	0	0
234	19	8	-1	0	0
234	49	8	-1	0	0
234	50	8	1	0	0
234	17	8	-1	0	0
238	27	8	1	4	0
238	6	8	-1	3	1
238	54	8	-1	1	2
238	36	8	-1	0	3
238	37	8	-1	2	2
238	41	8	-1	2	2
245	65	8	1	0	0
245	62	8	-1	0	0
245	26	8	-1	0	0
245	30	8	-1	0	0
245	29	8	-1	0	0
245	27	8	-1	0	0
249	65	8	1	1	0
249	33	8	-1	0	1
249	55	8	1	1	0
249	19	8	-1	0	1
249	48	8	-1	1	0
249	20	8	-1	0	1
253	29	8	-1	0	0
253	52	8	-1	0	0
253	47	8	-1	0	0
253	12	8	-1	0	0
253	16	8	-1	0	0
253	41	8	-1	0	0
260	9	8	1	0	0
260	52	8	1	0	0
260	14	8	-1	0	0
260	45	8	-1	0	0
260	18	8	-1	0	0
260	36	8	-1	0	0
267	4	8	-1	0	0
267	74	8	-1	0	0
267	73	8	1	0	0
267	70	8	-1	0	0
267	3	8	-1	0	0
267	21	8	1	0	0
271	10	8	1	0	0
271	34	8	-1	0	0
271	15	8	-1	0	0
271	45	8	1	0	0
271	56	8	-1	0	0
271	19	8	-1	0	0
273	35	8	1	0	1
273	74	8	-1	1	0
273	49	8	-1	0	1
273	36	8	-1	0	1
273	34	8	-1	0	1
273	15	8	1	1	0
5	47	9	-1	0	0
5	16	9	-1	0	0
5	10	9	-1	0	0
5	74	9	-1	0	0
5	17	9	1	0	0
5	15	9	1	0	0
8	48	9	1	0	0
8	72	9	-1	0	2
8	69	9	-1	2	0
8	16	9	-1	0	2
8	62	9	-1	0	1
8	41	9	1	2	0
12	28	9	1	0	0
12	5	9	1	0	0
12	30	9	1	0	0
12	17	9	1	0	0
12	67	9	1	0	0
12	52	9	1	0	0
16	20	9	1	1	0
16	14	9	1	0	1
16	72	9	-1	0	1
16	25	9	-1	0	1
16	4	9	-1	0	1
16	67	9	1	0	1
23	55	9	1	0	0
23	54	9	1	0	0
23	48	9	1	0	0
23	64	9	1	0	0
23	21	9	1	0	0
23	14	9	-1	0	0
27	8	9	-1	0	0
27	9	9	1	0	0
27	11	9	-1	0	0
27	74	9	-1	0	0
27	40	9	-1	0	0
27	72	9	-1	0	0
31	12	9	1	0	0
31	10	9	-1	0	0
31	2	9	-1	0	0
31	41	9	1	0	0
31	7	9	1	0	0
31	40	9	-1	0	0
38	57	9	-1	0	0
38	47	9	-1	0	0
38	61	9	-1	0	0
38	10	9	-1	0	0
38	54	9	-1	0	0
38	17	9	-1	0	0
42	62	9	-1	0	0
42	30	9	1	0	0
42	73	9	1	0	0
42	2	9	1	0	0
42	52	9	1	0	0
42	37	9	-1	0	0
46	69	9	-1	0	0
46	4	9	-1	0	0
46	35	9	1	0	0
46	37	9	-1	0	0
46	58	9	-1	0	0
46	29	9	-1	0	0
54	73	9	1	0	0
54	4	9	-1	0	0
54	33	9	1	0	0
54	61	9	-1	0	0
54	38	9	-1	0	0
54	5	9	1	0	0
56	74	9	-1	0	0
56	33	9	1	0	0
56	79	9	1	0	0
56	45	9	1	0	0
56	35	9	-1	0	0
56	15	9	-1	0	0
64	24	9	1	0	0
64	20	9	-1	0	0
64	54	9	-1	0	0
64	41	9	1	0	0
64	61	9	-1	0	0
64	31	9	-1	0	0
66	79	9	1	0	0
66	54	9	-1	0	0
66	37	9	-1	0	0
66	33	9	1	0	0
66	69	9	-1	0	0
66	12	9	1	0	0
74	27	9	-1	0	0
74	46	9	1	0	0
74	21	9	1	0	0
74	30	9	1	0	0
74	61	9	-1	0	0
74	29	9	-1	0	0
76	72	9	-1	0	0
76	10	9	-1	0	0
76	54	9	1	0	0
76	74	9	-1	0	0
76	27	9	-1	0	0
76	37	9	1	0	0
84	22	9	-1	0	0
84	28	9	1	0	0
84	62	9	-1	0	0
84	19	9	1	0	0
84	56	9	1	0	0
84	61	9	-1	0	0
86	35	9	1	0	1
86	40	9	1	0	1
86	74	9	-1	0	1
86	19	9	-1	0	1
86	79	9	1	1	0
86	27	9	-1	0	1
93	51	9	1	0	0
93	47	9	-1	0	0
93	9	9	1	0	0
93	7	9	1	0	0
93	36	9	1	0	0
93	19	9	-1	0	0
96	43	9	-1	0	0
96	64	9	1	0	0
96	55	9	1	0	0
96	31	9	-1	0	0
96	15	9	1	0	0
96	70	9	-1	0	0
103	39	9	1	0	0
103	65	9	-1	0	0
103	9	9	1	0	0
103	78	9	-1	0	0
103	15	9	1	0	0
103	6	9	1	0	0
106	47	9	-1	0	0
106	12	9	1	0	0
106	25	9	-1	0	0
106	54	9	1	0	0
106	27	9	-1	0	0
106	29	9	-1	0	0
113	33	9	1	1	0
113	78	9	-1	0	1
113	10	9	-1	1	0
113	27	9	-1	0	0
113	14	9	1	0	0
113	67	9	-1	0	0
115	58	9	-1	0	0
115	26	9	1	0	0
115	74	9	-1	0	0
115	38	9	-1	0	0
115	6	9	1	0	0
115	17	9	1	0	0
124	41	9	-1	0	0
124	55	9	1	0	0
124	73	9	1	0	0
124	52	9	1	0	0
124	76	9	-1	0	0
124	60	9	-1	0	0
126	3	9	-1	0	0
126	57	9	-1	0	0
126	69	9	-1	0	0
126	33	9	1	0	0
126	30	9	1	0	0
126	38	9	-1	2	1
131	30	9	1	1	0
131	79	9	1	0	1
131	21	9	1	1	0
131	37	9	-1	0	1
131	63	9	-1	0	1
131	59	9	1	0	1
135	4	9	-1	0	1
135	78	9	-1	0	1
135	32	9	1	0	1
135	6	9	1	0	1
135	79	9	1	0	1
135	20	9	1	1	0
143	67	9	-1	0	0
143	29	9	-1	0	0
143	37	9	-1	0	0
143	19	9	-1	0	0
143	62	9	-1	0	0
143	48	9	1	0	0
143	32	9	1	0	0
143	34	9	-1	0	0
147	9	9	1	0	0
147	7	9	1	0	0
147	11	9	-1	0	0
147	15	9	1	0	0
147	3	9	-1	0	0
147	44	9	1	0	0
152	31	9	-1	0	0
152	74	9	-1	0	0
152	24	9	1	0	0
152	30	9	1	0	0
152	40	9	1	0	0
152	68	9	1	0	0
156	76	9	-1	0	0
156	12	9	-1	0	0
156	72	9	-1	0	0
156	2	9	1	0	0
156	18	9	-1	0	0
156	38	9	-1	0	0
160	16	9	1	0	0
160	46	9	1	0	0
160	72	9	-1	0	0
160	31	9	1	0	0
160	2	9	-1	0	0
160	70	9	1	0	0
169	40	9	1	0	0
169	35	9	-1	0	0
169	65	9	1	0	0
169	30	9	1	0	0
169	33	9	1	0	0
169	9	9	1	0	0
171	69	9	-1	0	0
171	30	9	1	0	0
171	65	9	1	0	0
171	18	9	-1	0	0
171	45	9	-1	0	0
171	15	9	1	0	0
175	41	9	1	0	0
175	76	9	-1	0	0
175	45	9	1	0	0
175	46	9	1	0	0
175	51	9	1	0	0
175	18	9	1	0	0
184	47	9	-1	0	0
184	12	9	-1	0	0
184	63	9	-1	0	0
184	33	9	1	0	0
184	57	9	-1	0	0
184	7	9	1	0	0
186	15	9	1	0	1
186	24	9	1	1	0
186	49	9	1	0	1
186	12	9	-1	0	1
186	63	9	-1	0	1
186	22	9	-1	0	1
190	69	9	-1	0	0
190	24	9	1	0	0
190	51	9	1	0	0
190	31	9	1	0	0
190	15	9	1	0	0
190	16	9	-1	0	0
196	42	9	-1	0	0
196	21	9	1	0	0
196	16	9	-1	0	0
196	5	9	1	0	0
196	14	9	1	0	0
196	22	9	-1	0	0
200	5	9	1	0	0
200	58	9	-1	0	0
200	65	9	1	0	0
200	30	9	1	0	0
200	57	9	-1	0	0
200	63	9	-1	0	0
205	78	9	-1	0	0
205	34	9	1	0	0
205	27	9	-1	0	0
205	51	9	-1	0	0
205	44	9	1	0	0
205	11	9	1	0	0
209	71	9	1	0	0
209	44	9	1	0	0
209	12	9	-1	0	0
209	43	9	1	0	0
209	28	9	1	0	0
209	55	9	1	0	0
215	48	9	1	0	0
215	19	9	-1	0	0
215	22	9	-1	0	0
215	68	9	1	0	0
215	24	9	1	0	0
215	72	9	-1	0	0
219	64	9	1	0	0
219	6	9	1	0	0
219	45	9	1	0	0
219	41	9	1	0	0
219	74	9	-1	0	0
219	22	9	-1	0	0
225	60	9	-1	0	0
225	15	9	1	0	0
225	39	9	1	0	0
225	49	9	1	0	0
225	54	9	-1	0	0
225	11	9	-1	0	0
230	10	9	-1	0	0
230	51	9	-1	0	0
230	54	9	1	0	0
230	5	9	1	0	0
230	41	9	-1	0	0
230	45	9	-1	0	0
233	76	9	-1	0	0
233	78	9	-1	0	0
233	40	9	1	0	0
233	35	9	1	0	0
233	46	9	1	0	0
233	22	9	1	0	0
240	20	9	1	0	0
240	57	9	-1	0	0
240	42	9	-1	0	0
240	22	9	-1	0	0
240	34	9	1	0	0
240	18	9	1	0	0
244	63	9	-1	0	0
244	41	9	1	0	0
244	47	9	-1	0	0
244	20	9	1	0	0
244	8	9	-1	0	0
244	71	9	1	0	0
248	38	9	-1	0	0
248	42	9	-1	0	0
248	49	9	1	0	0
248	35	9	1	0	0
248	11	9	1	0	0
248	37	9	-1	0	0
255	40	9	1	0	0
255	70	9	1	0	0
255	72	9	-1	0	0
255	73	9	1	0	0
255	38	9	-1	0	0
259	61	9	1	0	0
259	30	9	1	0	0
259	70	9	1	0	0
259	56	9	1	0	0
259	27	9	-1	0	0
259	41	9	-1	0	0
263	21	9	1	0	0
263	34	9	1	0	0
263	67	9	-1	0	0
263	47	9	-1	0	0
263	48	9	1	0	0
263	64	9	1	0	0
272	42	9	-1	0	0
272	8	9	-1	0	0
272	34	9	-1	0	0
272	38	9	-1	0	0
272	9	9	1	0	0
272	59	9	1	0	0
277	25	9	-1	0	0
277	16	9	-1	0	0
277	44	9	1	0	0
277	79	9	1	0	0
277	35	9	-1	0	0
277	52	9	1	0	0
3	18	10	-1	2	0
3	24	10	1	1	0
3	38	10	1	0	1
8	69	10	1	0	0
8	41	10	1	0	0
8	16	10	-1	0	0
8	72	10	-1	0	0
11	37	10	1	0	2
11	52	10	1	0	2
19	32	10	1	0	0
19	9	10	1	0	0
19	71	10	1	0	0
24	38	10	1	0	0
24	18	10	-1	0	0
24	55	10	1	0	0
26	34	10	1	1	1
26	51	10	1	0	2
34	43	10	1	0	0
34	30	10	1	0	0
39	39	10	1	0	0
39	54	10	1	0	0
41	24	10	1	2	0
41	31	10	1	0	2
49	11	10	1	0	0
49	44	10	1	0	1
55	41	10	1	0	0
55	20	10	1	0	0
55	29	10	-1	0	0
55	16	10	-1	0	0
56	33	10	1	1	0
56	35	10	1	0	1
56	45	10	-1	1	0
56	79	10	-1	1	0
56	74	10	-1	0	1
64	61	10	1	0	1
64	24	10	1	1	0
64	54	10	-1	0	1
70	64	10	1	0	0
70	78	10	-1	0	0
70	49	10	1	0	0
79	22	10	1	0	1
79	49	10	1	1	0
79	6	10	-1	1	0
79	65	10	1	1	0
85	76	10	1	0	0
85	43	10	1	0	0
92	22	10	1	1	0
92	33	10	1	1	2
92	56	10	1	1	2
101	49	10	1	3	0
101	71	10	1	0	2
101	44	10	1	1	1
107	65	10	1	1	1
107	52	10	-1	0	2
107	14	10	-1	0	2
107	28	10	1	1	2
107	49	10	1	2	1
113	33	10	1	0	0
113	78	10	-1	0	0
113	10	10	1	0	0
115	6	10	1	2	1
115	38	10	1	1	2
115	74	10	-1	0	3
115	26	10	1	2	1
121	2	10	1	0	0
121	39	10	1	0	0
125	39	10	1	0	0
125	28	10	-1	0	0
125	62	10	1	0	0
125	16	10	-1	0	0
133	44	10	1	0	0
133	79	10	-1	0	0
137	31	10	1	2	0
137	78	10	-1	0	2
142	58	10	-1	0	0
142	41	10	1	0	0
142	20	10	1	0	0
142	40	10	1	0	0
155	73	10	1	0	0
155	4	10	-1	0	0
155	27	10	-1	1	0
155	39	10	1	1	0
163	32	10	1	0	0
173	18	10	-1	0	0
173	25	10	1	0	0
173	20	10	1	0	0
173	56	10	1	0	0
173	16	10	-1	0	0
173	6	10	-1	0	0
183	22	10	1	0	0
183	63	10	1	0	0
185	35	10	1	0	0
185	20	10	1	0	0
185	32	10	1	0	0
185	8	10	-1	0	0
193	19	10	-1	0	0
193	42	10	1	0	0
195	54	10	1	0	0
195	31	10	1	0	0
195	18	10	-1	0	0
195	61	10	-1	0	0
195	73	10	1	1	0
195	51	10	1	0	0
201	40	10	1	0	0
201	52	10	-1	0	1
201	20	10	1	1	0
204	59	10	1	0	0
204	3	10	1	0	0
204	24	10	1	0	0
210	47	10	-1	0	1
210	76	10	-1	0	1
210	35	10	1	0	1
220	52	10	1	0	2
220	8	10	-1	2	0
224	52	10	-1	0	3
224	72	10	-1	0	3
232	43	10	1	1	0
232	47	10	-1	1	0
232	9	10	-1	0	1
232	76	10	-1	0	1
232	46	10	-1	0	1
233	22	10	1	1	0
233	40	10	-1	1	0
241	64	10	1	0	0
241	65	10	1	0	0
241	63	10	1	0	0
243	39	10	1	0	0
243	64	10	1	0	0
243	51	10	1	0	0
243	76	10	-1	0	0
243	12	10	-1	0	0
243	19	10	-1	0	0
251	64	10	1	0	0
251	29	10	-1	0	0
251	70	10	1	0	1
251	57	10	-1	0	1
253	12	10	-1	0	2
253	41	10	1	1	1
253	16	10	-1	0	2
253	47	10	-1	0	2
261	35	10	1	1	0
261	52	10	-1	1	0
261	54	10	1	1	0
270	19	10	-1	0	0
270	72	10	-1	0	0
270	6	10	-1	0	0
270	27	10	1	0	0
274	18	10	-1	0	0
274	65	10	1	0	0
274	43	10	1	0	0
20	27	11	-1	0	1
20	55	11	-1	0	1
20	33	11	1	0	1
20	31	11	1	1	0
20	63	11	1	0	1
20	6	11	1	1	0
30	54	11	-1	1	0
30	19	11	-1	0	1
30	56	11	1	0	1
30	32	11	1	0	1
30	61	11	-1	0	1
30	39	11	1	0	1
40	71	11	-1	1	0
40	29	11	-1	0	0
40	33	11	-1	1	0
40	6	11	1	0	1
40	68	11	-1	0	1
40	44	11	-1	0	1
50	17	11	-1	0	1
50	48	11	1	0	1
50	54	11	-1	1	0
50	61	11	-1	1	0
50	55	11	-1	0	1
50	59	11	1	1	0
105	62	11	1	0	0
105	43	11	-1	0	0
105	78	11	-1	0	0
105	47	11	-1	0	0
105	6	11	-1	0	0
105	49	11	-1	0	0
134	55	11	-1	1	0
134	28	11	-1	0	1
134	5	11	-1	0	1
134	24	11	1	0	1
134	52	11	-1	0	1
134	38	11	-1	0	1
144	14	11	-1	0	0
144	6	11	1	0	0
144	5	11	-1	0	0
144	43	11	-1	0	0
144	9	11	1	0	0
155	4	11	-1	2	2
155	21	11	1	2	2
155	59	11	-1	0	3
155	27	11	-1	6	1
155	39	11	1	5	1
167	32	11	1	1	0
167	45	11	-1	0	1
167	56	11	1	1	1
167	48	11	1	1	1
178	79	11	1	1	0
178	65	11	-1	1	0
178	15	11	1	1	0
178	11	11	-1	1	0
178	8	11	-1	0	1
178	34	11	-1	0	1
194	43	11	1	0	0
194	39	11	1	0	0
194	72	11	-1	0	0
194	28	11	-1	0	0
194	61	11	-1	0	0
194	20	11	1	0	0
197	48	11	1	1	1
197	38	11	-1	1	1
197	19	11	-1	2	0
197	46	11	-1	1	1
197	34	11	-1	1	1
197	59	11	1	2	0
200	58	11	-1	0	3
200	65	11	-1	4	0
200	30	11	1	3	1
200	57	11	-1	0	3
200	63	11	-1	0	3
207	65	11	-1	1	0
207	78	11	-1	1	0
207	35	11	-1	0	0
207	46	11	-1	0	0
207	24	11	1	0	0
207	17	11	1	0	0
211	42	11	-1	0	1
211	8	11	-1	2	1
211	46	11	-1	0	1
211	17	11	1	1	0
214	39	11	1	2	0
214	27	11	-1	3	0
214	70	11	-1	0	1
214	36	11	-1	1	0
214	62	11	-1	1	0
214	76	11	-1	1	0
222	6	11	1	0	0
222	4	11	-1	0	0
222	46	11	-1	0	0
222	39	11	1	0	0
222	25	11	-1	0	0
222	54	11	-1	0	0
230	10	11	-1	0	1
230	51	11	-1	0	1
230	41	11	1	0	1
230	5	11	1	1	0
230	54	11	-1	1	0
230	45	11	1	0	1
239	49	11	-1	0	1
239	32	11	1	1	0
239	47	11	-1	0	1
239	4	11	-1	0	1
239	35	11	1	1	0
239	24	11	1	2	0
243	39	11	1	4	0
243	64	11	1	3	0
243	51	11	-1	1	2
243	76	11	-1	1	2
243	12	11	-1	1	2
243	19	11	-1	1	2
252	17	11	1	1	0
252	32	11	1	1	0
252	76	11	-1	1	0
252	14	11	-1	1	0
252	62	11	-1	1	0
252	38	11	-1	1	0
254	65	11	-1	1	0
254	57	11	1	0	1
254	35	11	-1	0	1
254	61	11	-1	1	0
254	25	11	-1	0	1
254	22	11	-1	0	1
260	9	11	1	1	1
260	14	11	1	1	2
260	52	11	-1	1	1
260	45	11	-1	1	2
260	18	11	1	2	1
260	36	11	-1	0	2
264	41	11	-1	1	2
264	25	11	-1	1	2
264	61	11	1	3	0
264	67	11	1	1	1
264	76	11	-1	0	2
264	60	11	-1	3	0
274	43	11	-1	1	0
274	42	11	-1	2	0
274	74	11	-1	1	0
274	46	11	-1	0	0
274	18	11	1	2	1
274	65	11	1	2	1
3	15	12	-1	0	1
3	6	12	-1	0	0
3	18	12	1	1	0
3	24	12	-1	2	0
3	68	12	1	0	1
3	38	12	1	1	1
6	67	12	-1	0	1
6	62	12	-1	0	1
6	63	12	-1	1	0
6	5	12	-1	1	0
6	71	12	1	0	1
6	36	12	1	0	1
13	68	12	1	0	0
13	24	12	-1	0	0
13	5	12	-1	0	1
13	4	12	-1	2	1
13	29	12	1	2	0
13	6	12	-1	2	0
19	9	12	-1	1	0
19	76	12	-1	0	0
19	71	12	1	1	0
19	59	12	1	0	0
19	29	12	-1	0	0
19	32	12	-1	1	0
21	22	12	1	3	0
21	15	12	-1	3	0
21	12	12	-1	1	2
21	50	12	-1	1	2
21	73	12	-1	0	3
21	79	12	-1	2	1
29	47	12	1	0	0
29	74	12	-1	0	0
29	38	12	1	1	0
29	22	12	1	1	0
29	59	12	1	0	0
34	30	12	-1	1	0
34	43	12	1	1	0
34	18	12	-1	0	0
34	78	12	-1	0	0
36	34	12	1	3	0
36	42	12	-1	1	2
36	69	12	-1	2	1
36	19	12	1	0	3
36	64	12	-1	2	0
36	28	12	-1	1	2
44	78	12	1	0	0
44	26	12	-1	0	0
44	38	12	-1	1	0
44	54	12	-1	0	0
44	44	12	-1	0	0
44	52	12	-1	1	0
49	45	12	-1	0	0
49	71	12	-1	0	0
49	44	12	-1	0	0
49	3	12	1	0	0
49	20	12	1	0	0
51	12	12	-1	3	1
51	51	12	1	4	0
51	70	12	-1	2	1
51	73	12	-1	0	3
51	71	12	-1	1	2
51	25	12	1	1	2
58	62	12	-1	1	2
58	40	12	1	3	0
58	4	12	-1	3	0
58	6	12	1	2	1
63	48	12	1	1	0
63	32	12	1	0	0
63	25	12	-1	0	0
63	28	12	-1	0	0
66	12	12	-1	2	0
66	79	12	-1	2	0
66	37	12	1	0	2
66	69	12	-1	1	1
66	54	12	1	0	2
66	33	12	1	1	1
78	11	12	1	0	1
78	71	12	-1	0	1
78	26	12	1	0	1
78	21	12	-1	1	0
78	2	12	1	1	0
78	33	12	1	1	0
81	12	12	-1	1	3
81	29	12	1	1	3
81	71	12	-1	3	1
81	22	12	1	1	3
81	70	12	-1	1	3
81	17	12	-1	2	2
89	34	12	1	1	0
89	25	12	1	1	0
89	35	12	-1	1	0
89	78	12	-1	0	1
89	54	12	-1	0	1
89	60	12	-1	0	0
93	51	12	1	2	0
93	19	12	-1	0	2
93	7	12	-1	1	1
93	9	12	1	1	1
93	36	12	1	2	0
93	47	12	-1	1	1
99	58	12	-1	0	1
99	10	12	1	1	0
99	26	12	1	1	0
99	61	12	-1	0	1
99	63	12	-1	0	1
99	24	12	-1	0	1
102	57	12	1	1	1
102	43	12	-1	1	1
102	76	12	-1	0	2
102	33	12	-1	0	2
102	40	12	-1	2	0
102	11	12	1	1	1
107	49	12	1	1	0
107	70	12	-1	1	0
107	65	12	-1	1	0
107	52	12	-1	0	1
107	28	12	-1	1	0
107	14	12	-1	0	1
115	26	12	-1	2	0
115	58	12	1	0	2
115	74	12	-1	0	2
115	6	12	1	1	1
115	38	12	1	0	2
115	17	12	1	2	0
124	52	12	1	1	0
124	73	12	1	1	0
124	60	12	-1	0	1
124	41	12	-1	0	1
124	55	12	-1	1	0
124	76	12	-1	0	1
125	7	12	-1	0	2
125	74	12	-1	0	2
125	16	12	1	1	2
125	62	12	1	2	1
125	28	12	-1	0	3
125	39	12	-1	2	1
133	12	12	-1	0	0
133	56	12	-1	0	0
133	71	12	-1	0	0
133	68	12	1	0	0
133	79	12	-1	0	1
133	44	12	-1	1	0
133	75	12	1	0	0
133	23	12	1	0	0
135	20	12	1	3	0
135	4	12	-1	0	3
135	78	12	-1	0	4
135	32	12	1	3	1
135	6	12	-1	1	2
135	79	12	-1	2	1
143	34	12	1	0	1
143	67	12	-1	0	1
143	29	12	-1	0	1
143	37	12	-1	0	1
143	19	12	-1	0	1
143	62	12	-1	0	1
143	48	12	1	1	0
143	32	12	1	1	0
145	64	12	1	4	0
145	3	12	-1	0	3
145	63	12	1	2	1
145	5	12	-1	0	2
145	19	12	1	1	3
145	2	12	-1	0	2
145	32	12	-1	1	1
145	17	12	1	1	2
145	74	12	-1	0	3
153	45	12	-1	0	0
153	16	12	-1	0	0
153	2	12	1	0	0
153	49	12	1	0	0
153	39	12	-1	0	0
153	32	12	1	0	0
155	4	12	-1	2	1
155	27	12	1	3	1
155	21	12	-1	1	1
155	59	12	-1	0	2
155	73	12	-1	1	2
155	39	12	1	4	0
164	55	12	-1	0	0
164	31	12	1	0	0
164	19	12	-1	1	0
164	25	12	1	0	1
164	26	12	-1	0	0
164	15	12	1	0	0
166	38	12	-1	1	0
166	55	12	-1	0	1
166	71	12	-1	1	0
166	20	12	1	1	0
166	78	12	-1	0	1
166	25	12	1	0	1
170	48	12	-1	3	0
170	27	12	1	2	1
170	78	12	-1	1	2
170	71	12	-1	1	2
170	58	12	1	1	2
170	32	12	1	4	0
179	49	12	1	0	0
179	46	12	1	0	0
179	3	12	-1	0	0
179	73	12	-1	0	0
179	34	12	-1	0	0
179	26	12	-1	0	0
181	65	12	1	2	0
181	34	12	-1	1	1
181	73	12	-1	1	1
181	20	12	-1	2	0
181	35	12	-1	1	1
181	67	12	1	1	1
185	64	12	-1	1	1
185	35	12	-1	3	0
185	32	12	1	2	1
185	8	12	-1	1	2
185	20	12	-1	1	2
185	38	12	-1	1	1
193	20	12	1	0	0
193	19	12	-1	0	1
193	46	12	1	0	0
193	42	12	-1	1	0
193	41	12	1	0	0
193	16	12	1	0	0
198	40	12	-1	0	0
198	20	12	-1	0	0
198	25	12	-1	0	0
198	51	12	-1	0	0
198	46	12	1	0	0
198	14	12	-1	0	0
202	50	12	-1	0	0
202	48	12	1	0	0
202	44	12	-1	0	0
202	35	12	-1	0	0
202	46	12	-1	0	0
202	25	12	1	0	0
205	27	12	1	0	1
205	11	12	-1	1	0
205	44	12	-1	1	0
205	78	12	-1	0	1
205	34	12	1	1	0
205	51	12	-1	0	1
211	42	12	-1	0	0
211	8	12	1	0	0
211	22	12	-1	0	0
211	60	12	1	0	0
211	17	12	1	0	0
211	46	12	-1	0	0
215	24	12	1	1	0
215	72	12	-1	0	1
215	19	12	-1	0	1
215	48	12	-1	1	0
215	22	12	1	0	1
215	68	12	1	1	0
219	22	12	-1	0	2
219	64	12	-1	2	0
219	6	12	1	3	0
219	45	12	1	1	1
219	74	12	-1	0	2
219	41	12	1	1	1
228	18	12	-1	0	0
228	71	12	-1	0	0
228	34	12	-1	0	0
228	64	12	1	0	0
228	20	12	-1	0	0
228	57	12	1	0	0
231	49	12	-1	0	1
231	6	12	-1	1	0
231	63	12	-1	0	1
231	61	12	1	0	1
231	71	12	-1	0	1
231	52	12	1	0	1
233	22	12	-1	2	0
233	46	12	1	2	0
233	78	12	-1	0	1
233	40	12	-1	1	1
233	76	12	-1	0	1
233	35	12	-1	1	0
242	5	12	-1	0	0
242	40	12	-1	0	0
242	70	12	-1	0	0
242	27	12	-1	0	0
242	72	12	1	0	0
242	3	12	-1	0	0
245	30	12	-1	0	2
245	26	12	-1	0	2
245	62	12	-1	0	2
245	65	12	-1	2	0
245	29	12	1	1	1
245	27	12	1	1	1
248	49	12	-1	3	0
248	42	12	-1	0	3
248	37	12	-1	0	3
248	11	12	1	3	0
248	35	12	-1	2	1
248	38	12	-1	2	1
257	58	12	1	0	0
257	37	12	1	0	0
257	63	12	1	0	0
257	4	12	-1	0	0
257	79	12	1	0	0
257	52	12	-1	0	0
260	18	12	1	0	1
260	14	12	-1	0	1
260	52	12	-1	1	0
260	9	12	-1	1	0
260	36	12	-1	0	1
260	45	12	1	0	1
263	21	12	-1	5	0
263	34	12	1	3	1
263	67	12	-1	0	4
263	47	12	-1	1	3
263	48	12	-1	2	2
263	64	12	1	4	0
270	6	12	-1	0	1
270	72	12	-1	0	1
270	67	12	-1	0	0
270	71	12	-1	1	0
270	19	12	1	1	1
270	27	12	1	1	1
275	37	12	-1	0	2
275	45	12	-1	0	2
275	67	12	-1	0	2
275	50	12	-1	1	1
275	31	12	1	2	0
275	64	12	1	0	2
4	73	13	1	0	1
4	34	13	1	0	1
4	68	13	1	0	0
4	25	13	-1	0	1
4	69	13	-1	1	0
4	29	13	-1	1	0
7	9	13	1	0	1
7	44	13	1	1	0
7	17	13	-1	0	1
7	33	13	-1	0	1
7	62	13	-1	0	1
7	70	13	-1	0	1
11	8	13	1	2	1
11	52	13	1	1	3
11	18	13	1	5	0
11	12	13	-1	2	1
11	57	13	-1	0	3
11	37	13	-1	1	3
20	6	13	1	0	0
20	27	13	-1	0	0
20	31	13	1	0	0
20	33	13	-1	0	0
20	63	13	-1	0	0
20	55	13	-1	0	0
23	54	13	1	1	1
23	48	13	1	1	0
23	14	13	-1	1	1
23	55	13	1	2	0
23	64	13	1	1	0
23	21	13	1	1	0
26	34	13	1	2	2
26	27	13	-1	2	1
26	21	13	1	2	1
26	51	13	-1	2	2
26	72	13	1	1	2
26	5	13	1	2	1
35	31	13	1	0	0
35	48	13	1	0	0
35	63	13	-1	0	0
35	44	13	1	0	0
35	55	13	-1	0	0
35	54	13	-1	0	0
38	54	13	-1	0	1
38	17	13	-1	0	1
38	10	13	1	0	1
38	61	13	1	0	1
38	47	13	-1	0	1
38	57	13	-1	0	1
41	2	13	-1	0	2
41	31	13	-1	1	2
41	24	13	1	3	0
41	9	13	1	2	0
41	60	13	-1	1	1
41	57	13	-1	0	2
50	59	13	1	0	0
50	55	13	-1	0	0
50	61	13	1	0	0
50	54	13	1	0	0
50	48	13	-1	0	0
50	17	13	-1	0	0
51	51	13	1	2	0
51	12	13	-1	2	0
51	73	13	-1	0	1
51	70	13	-1	1	0
51	71	13	1	0	1
51	25	13	-1	1	0
59	39	13	1	0	0
59	59	13	1	0	0
59	31	13	1	0	0
59	48	13	-1	0	0
59	16	13	-1	0	0
59	33	13	-1	0	0
61	14	13	-1	1	1
61	72	13	1	1	2
61	71	13	1	1	1
61	31	13	-1	2	1
61	8	13	-1	1	2
61	73	13	-1	1	2
69	50	13	1	0	0
69	16	13	1	0	0
69	29	13	-1	0	0
69	57	13	-1	0	0
69	54	13	-1	0	0
69	67	13	1	0	0
71	42	13	-1	1	1
71	35	13	1	1	1
71	29	13	-1	0	1
71	70	13	-1	1	1
71	31	13	-1	1	0
71	8	13	-1	1	1
79	65	13	1	0	0
79	6	13	1	0	0
79	49	13	1	0	0
79	22	13	-1	0	0
79	16	13	-1	0	0
79	27	13	-1	0	0
81	12	13	-1	1	2
81	17	13	-1	2	1
81	70	13	-1	1	2
81	71	13	1	2	1
81	22	13	-1	1	2
81	29	13	-1	1	2
88	65	13	1	0	0
88	49	13	1	0	0
88	22	13	-1	0	0
88	74	13	1	0	0
88	46	13	-1	0	0
88	63	13	-1	0	0
91	38	13	1	3	0
91	28	13	-1	1	2
91	21	13	1	1	2
91	8	13	-1	1	2
91	57	13	-1	1	2
91	35	13	1	1	2
99	26	13	1	0	0
99	58	13	-1	0	0
99	61	13	-1	0	0
99	10	13	1	0	0
99	63	13	-1	0	0
99	24	13	-1	0	0
103	39	13	1	2	0
103	6	13	1	2	0
103	65	13	1	0	2
103	9	13	-1	1	1
103	78	13	-1	1	1
103	15	13	-1	1	1
109	34	13	1	0	0
109	50	13	1	0	0
109	21	13	-1	0	0
109	70	13	-1	0	0
109	41	13	-1	0	0
109	35	13	1	0	0
116	73	13	1	0	0
116	54	13	1	0	0
116	67	13	-1	0	0
116	28	13	-1	0	0
116	48	13	-1	1	0
116	60	13	-1	0	0
122	15	13	1	1	0
122	24	13	1	1	0
122	67	13	-1	0	1
122	71	13	1	1	0
122	8	13	-1	0	1
122	45	13	-1	1	0
127	40	13	1	1	1
127	47	13	-1	1	1
127	41	13	-1	1	0
127	49	13	1	1	1
127	16	13	-1	1	1
127	70	13	-1	1	1
131	30	13	1	2	0
131	63	13	-1	0	2
131	79	13	1	1	1
131	21	13	1	2	0
131	37	13	-1	0	2
131	59	13	1	1	1
136	71	13	1	0	0
136	59	13	1	0	0
136	54	13	-1	0	0
136	61	13	1	0	0
136	8	13	-1	0	0
136	14	13	-1	0	0
140	11	13	1	0	1
140	35	13	1	1	0
140	25	13	-1	1	0
140	2	13	1	1	0
140	57	13	-1	1	0
140	14	13	-1	0	1
148	71	13	1	0	0
148	60	13	-1	0	0
148	43	13	-1	0	0
148	67	13	-1	0	0
148	49	13	1	0	0
148	78	13	-1	0	0
152	31	13	1	0	2
152	74	13	1	0	2
152	24	13	1	2	0
152	40	13	1	2	0
152	30	13	1	1	1
152	68	13	1	2	0
157	39	13	1	0	0
157	32	13	1	0	0
157	16	13	-1	0	0
157	5	13	-1	0	0
157	46	13	-1	0	0
157	29	13	-1	0	0
160	2	13	1	0	1
160	72	13	1	0	1
160	16	13	-1	1	0
160	70	13	-1	1	0
160	31	13	-1	1	0
160	46	13	-1	1	0
168	30	13	1	0	0
168	64	13	1	0	0
168	79	13	1	0	0
168	71	13	1	0	0
168	69	13	-1	0	0
168	51	13	-1	0	0
170	48	13	1	0	0
170	32	13	1	0	0
170	27	13	-1	0	0
170	78	13	-1	0	0
170	58	13	-1	0	0
170	71	13	-1	0	0
178	79	13	1	0	0
178	65	13	1	0	0
178	15	13	1	0	0
178	11	13	1	0	0
178	8	13	-1	0	0
178	34	13	-1	0	0
180	7	13	1	0	0
180	56	13	1	0	0
180	79	13	-1	0	0
180	19	13	-1	0	0
180	42	13	-1	0	0
180	60	13	-1	0	0
188	15	13	1	0	0
188	73	13	1	0	0
188	40	13	1	0	0
188	50	13	1	0	0
188	67	13	-1	0	0
188	41	13	-1	0	0
190	16	13	-1	0	1
190	69	13	-1	0	1
190	24	13	1	1	0
190	51	13	1	1	0
190	31	13	-1	1	0
190	15	13	1	1	0
197	34	13	1	0	0
197	46	13	-1	0	0
197	19	13	1	0	0
197	59	13	1	0	0
197	38	13	-1	0	0
197	48	13	-1	0	0
200	65	13	1	1	0
200	30	13	1	1	0
200	5	13	1	1	0
200	58	13	-1	0	1
200	57	13	-1	0	1
200	63	13	-1	0	1
206	15	13	1	2	0
206	68	13	1	1	1
206	60	13	-1	0	2
206	50	13	-1	1	1
206	76	13	-1	0	2
206	46	13	-1	0	2
209	44	13	1	3	0
209	71	13	1	1	1
209	12	13	-1	0	2
209	43	13	1	2	0
209	28	13	-1	1	1
209	55	13	1	2	0
216	52	13	1	0	1
216	29	13	-1	0	1
216	46	13	-1	1	0
216	54	13	1	0	0
216	42	13	-1	0	1
216	20	13	-1	0	1
219	6	13	1	5	0
219	64	13	1	3	1
219	22	13	-1	1	3
219	45	13	-1	2	2
219	41	13	-1	3	1
219	74	13	-1	1	3
226	65	13	1	2	0
226	51	13	-1	1	1
226	38	13	1	2	0
226	32	13	1	0	2
226	46	13	-1	0	2
226	4	13	-1	1	1
229	60	13	1	3	0
229	74	13	-1	1	1
229	58	13	-1	1	1
229	36	13	1	1	1
229	19	13	-1	1	1
229	55	13	1	2	0
236	40	13	1	1	0
236	6	13	1	1	0
236	60	13	-1	0	1
236	20	13	-1	0	1
236	32	13	1	1	0
236	37	13	-1	0	1
239	49	13	-1	0	0
239	32	13	1	0	0
239	35	13	1	0	0
239	47	13	-1	0	0
239	24	13	1	1	0
239	4	13	-1	0	0
243	19	13	1	0	2
243	12	13	-1	1	1
243	76	13	-1	1	1
243	39	13	1	2	0
243	51	13	-1	1	1
243	64	13	1	2	0
251	37	13	-1	0	0
251	29	13	-1	0	1
251	64	13	1	1	0
251	70	13	-1	0	0
251	57	13	-1	0	0
251	16	13	-1	0	0
254	65	13	1	0	0
254	61	13	1	0	0
254	22	13	-1	0	0
254	25	13	-1	0	0
254	35	13	-1	0	0
254	57	13	-1	0	0
258	7	13	1	2	0
258	3	13	1	1	2
258	20	13	-1	1	1
258	11	13	1	1	1
258	2	13	-1	1	1
258	19	13	-1	1	1
264	41	13	-1	1	0
264	25	13	-1	1	0
264	60	13	1	1	0
264	61	13	1	1	0
264	67	13	1	0	1
264	76	13	-1	0	1
270	72	13	1	0	2
270	19	13	1	0	1
270	71	13	1	0	0
270	6	13	1	0	2
270	27	13	-1	1	0
270	67	13	1	0	1
275	64	13	1	1	2
275	31	13	1	3	0
275	37	13	-1	0	3
275	45	13	-1	0	3
275	67	13	-1	0	3
275	50	13	1	1	2
2	33	14	1	0	1
2	50	14	-1	0	0
2	20	14	-1	0	0
2	68	14	1	0	1
2	37	14	-1	0	0
2	76	14	-1	0	0
6	67	14	1	0	3
6	62	14	-1	0	3
6	63	14	-1	1	2
6	5	14	1	4	1
6	71	14	-1	1	2
6	36	14	1	2	1
14	64	14	1	0	0
14	43	14	-1	0	0
14	44	14	-1	0	0
14	31	14	1	0	0
14	29	14	-1	0	0
14	17	14	1	0	0
17	57	14	1	0	0
17	40	14	1	2	0
17	16	14	1	2	0
17	59	14	1	1	1
17	73	14	-1	0	2
17	20	14	-1	1	2
21	15	14	1	1	0
21	22	14	1	1	0
21	12	14	-1	0	1
21	79	14	1	1	1
21	73	14	-1	0	1
21	50	14	-1	0	1
27	8	14	-1	0	1
27	9	14	-1	1	0
27	11	14	-1	0	1
27	74	14	1	0	1
27	40	14	1	0	1
27	72	14	1	0	1
32	65	14	-1	1	0
32	12	14	-1	1	0
32	78	14	-1	1	0
32	64	14	-1	1	0
32	37	14	-1	0	2
32	46	14	-1	1	1
36	34	14	1	1	0
36	42	14	-1	1	0
36	69	14	1	1	0
36	19	14	-1	0	1
36	64	14	1	0	0
36	28	14	-1	0	1
42	62	14	-1	0	2
42	30	14	1	1	1
42	73	14	-1	2	0
42	52	14	-1	1	1
42	37	14	-1	0	2
42	2	14	-1	2	0
51	12	14	1	0	0
51	51	14	1	0	0
51	70	14	1	0	0
51	73	14	-1	0	0
51	71	14	-1	0	0
51	25	14	1	0	0
57	42	14	-1	1	0
57	50	14	-1	1	0
57	12	14	1	1	0
57	32	14	1	2	0
57	16	14	1	1	0
57	19	14	-1	1	0
62	35	14	1	1	0
62	10	14	-1	0	1
62	52	14	-1	0	1
62	21	14	1	1	0
62	61	14	-1	0	1
62	7	14	1	0	1
66	12	14	1	1	0
66	69	14	1	0	1
66	79	14	1	1	0
66	37	14	-1	0	1
66	33	14	-1	1	0
66	54	14	-1	0	1
72	40	14	1	0	0
72	12	14	-1	0	0
72	2	14	-1	0	0
72	62	14	-1	0	0
72	61	14	-1	0	0
72	76	14	-1	0	0
77	32	14	1	1	0
77	35	14	1	1	0
77	5	14	1	0	1
77	25	14	1	0	1
77	16	14	-1	0	1
77	47	14	1	0	1
81	12	14	-1	0	1
81	17	14	-1	1	0
81	22	14	1	0	1
81	71	14	-1	1	0
81	29	14	-1	0	1
81	70	14	-1	0	1
87	78	14	-1	0	0
87	12	14	-1	0	0
87	41	14	-1	0	0
87	73	14	-1	0	0
87	16	14	1	0	0
87	51	14	1	0	0
91	38	14	1	1	0
91	28	14	-1	1	0
91	21	14	-1	1	0
91	8	14	1	0	1
91	57	14	1	0	1
91	35	14	1	0	1
98	67	14	1	0	0
98	73	14	-1	0	0
98	76	14	-1	0	1
98	46	14	1	0	1
98	42	14	-1	1	0
98	35	14	1	0	1
102	57	14	1	0	1
102	43	14	-1	1	0
102	76	14	-1	0	1
102	33	14	-1	0	1
102	40	14	1	0	0
102	11	14	-1	1	0
106	47	14	1	0	1
106	29	14	-1	1	1
106	12	14	-1	1	0
106	25	14	1	0	1
106	54	14	-1	2	0
106	27	14	1	0	1
116	54	14	1	2	0
116	73	14	-1	1	1
116	67	14	1	0	2
116	28	14	-1	0	2
116	48	14	-1	1	1
116	60	14	-1	0	2
120	43	14	-1	1	0
120	7	14	-1	1	0
120	79	14	1	0	1
120	30	14	1	0	2
120	5	14	1	0	1
120	16	14	-1	0	1
127	47	14	1	0	1
127	40	14	1	0	1
127	41	14	1	0	0
127	49	14	1	0	1
127	16	14	1	0	1
127	70	14	-1	1	0
130	50	14	-1	1	0
130	34	14	1	0	1
130	43	14	-1	1	0
130	26	14	1	0	1
130	38	14	-1	0	1
130	66	14	1	1	1
137	15	14	1	0	0
137	31	14	1	0	0
137	24	14	1	0	0
137	47	14	-1	0	0
137	78	14	-1	0	0
137	42	14	-1	0	0
140	11	14	-1	0	0
140	35	14	1	0	0
140	25	14	1	0	0
140	57	14	1	0	0
140	14	14	-1	0	0
140	2	14	1	0	0
147	7	14	-1	1	0
147	11	14	-1	0	1
147	9	14	1	1	0
147	15	14	-1	1	0
147	3	14	-1	0	1
147	44	14	-1	1	0
150	50	14	-1	1	0
150	69	14	1	0	1
150	30	14	1	1	1
150	46	14	1	1	1
150	60	14	-1	0	2
150	54	14	-1	0	2
159	20	14	-1	0	0
159	17	14	-1	0	0
159	69	14	-1	0	0
159	45	14	-1	0	0
159	8	14	-1	0	0
159	14	14	1	0	0
160	16	14	1	1	1
160	70	14	-1	1	1
160	2	14	-1	1	1
160	31	14	1	1	1
160	46	14	1	1	1
160	72	14	-1	1	1
168	30	14	1	1	0
168	51	14	1	0	1
168	79	14	-1	1	0
168	64	14	-1	1	0
168	69	14	-1	0	1
168	71	14	-1	1	0
172	37	14	-1	0	1
172	41	14	1	0	1
172	74	14	1	0	1
172	51	14	1	0	1
172	8	14	-1	1	0
172	19	14	-1	0	1
175	41	14	1	2	0
175	76	14	1	0	2
175	45	14	-1	1	1
175	51	14	1	2	0
175	46	14	-1	1	1
175	18	14	1	1	1
183	20	14	-1	0	0
183	22	14	1	1	0
183	9	14	-1	0	0
183	48	14	-1	0	0
183	31	14	-1	0	0
183	63	14	-1	1	0
230	51	14	1	0	2
230	10	14	-1	0	2
230	45	14	-1	1	1
230	41	14	-1	1	1
230	5	14	1	2	0
230	54	14	-1	1	1
242	70	14	-1	0	1
242	27	14	-1	0	1
242	72	14	1	1	0
242	3	14	-1	0	1
242	40	14	-1	0	1
242	5	14	-1	0	1
254	65	14	-1	1	1
254	57	14	1	1	1
254	35	14	-1	0	2
254	61	14	-1	1	1
254	25	14	-1	0	2
254	22	14	1	0	2
15	79	15	1	0	1
15	48	15	1	1	0
15	55	15	1	1	0
15	61	15	-1	0	1
15	19	15	-1	1	0
15	32	15	-1	1	0
25	39	15	1	1	0
25	41	15	-1	0	1
25	68	15	-1	0	0
25	70	15	-1	0	0
25	6	15	1	0	0
35	48	15	1	1	0
35	44	15	1	1	0
35	31	15	-1	1	0
35	55	15	1	0	1
35	63	15	-1	0	1
35	54	15	1	0	1
45	17	15	1	0	1
45	32	15	-1	0	1
45	70	15	-1	0	1
45	39	15	1	0	1
45	56	15	1	0	1
45	71	15	1	1	0
55	20	15	1	1	0
65	22	15	1	1	0
65	46	15	1	0	1
65	16	15	1	0	1
65	21	15	1	1	0
75	28	15	1	1	0
75	7	15	1	0	0
85	43	15	1	1	0
85	16	15	1	0	0
85	59	15	1	0	0
161	69	15	-1	1	1
161	10	15	1	1	1
161	79	15	1	1	1
161	29	15	-1	1	1
161	17	15	1	0	2
161	42	15	-1	2	0
186	49	15	1	1	2
186	24	15	-1	3	0
186	15	15	1	2	1
186	22	15	-1	0	3
186	63	15	-1	0	3
186	12	15	-1	0	3
197	48	15	1	2	1
197	46	15	1	1	2
197	19	15	-1	2	1
197	34	15	-1	1	2
197	59	15	1	3	0
197	38	15	-1	1	2
201	43	15	1	0	1
201	20	15	1	2	0
201	40	15	1	2	0
201	59	15	1	1	0
201	56	15	-1	0	1
201	52	15	-1	0	2
204	24	15	1	4	0
204	21	15	1	1	1
204	32	15	-1	2	0
204	59	15	1	3	0
204	3	15	-1	2	1
204	33	15	1	1	1
213	56	15	-1	0	0
213	59	15	1	0	0
213	67	15	-1	0	0
213	37	15	-1	0	0
213	62	15	-1	0	0
213	12	15	-1	0	0
217	39	15	1	1	0
217	10	15	1	1	0
217	46	15	1	0	1
217	12	15	-1	0	1
217	19	15	-1	0	1
217	8	15	-1	0	1
221	20	15	1	0	1
221	46	15	1	1	1
221	10	15	1	2	0
221	51	15	1	2	1
221	11	15	1	0	1
225	15	15	1	2	0
225	39	15	1	2	0
225	49	15	1	1	1
225	54	15	-1	0	1
225	11	15	1	0	1
225	60	15	1	0	1
229	55	15	1	3	0
229	60	15	1	4	0
239	49	15	1	0	2
239	32	15	-1	2	0
239	35	15	1	2	0
239	47	15	-1	0	2
239	24	15	1	3	0
239	4	15	-1	0	2
243	39	15	1	5	0
243	64	15	1	4	0
243	51	15	1	1	3
243	76	15	-1	1	3
243	12	15	-1	1	3
243	19	15	-1	1	3
250	21	15	1	0	0
250	69	15	-1	1	0
250	3	15	-1	0	0
250	39	15	1	0	0
250	61	15	-1	0	0
250	58	15	-1	0	0
258	7	15	1	4	0
258	3	15	-1	3	2
258	20	15	1	1	3
258	11	15	-1	2	2
258	2	15	-1	1	3
258	19	15	-1	1	3
263	21	15	1	5	1
263	34	15	1	4	1
263	48	15	1	2	3
263	64	15	1	5	0
268	44	15	1	1	1
268	64	15	1	4	0
268	56	15	-1	1	1
273	35	15	1	2	2
273	49	15	1	2	2
273	74	15	-1	3	1
273	15	15	1	2	2
273	36	15	-1	1	3
273	34	15	-1	1	3
2	37	16	-1	0	1
2	76	16	1	0	1
2	33	16	1	1	1
2	20	16	1	0	1
2	50	16	1	0	1
2	68	16	-1	1	1
12	28	16	-1	2	0
12	5	16	1	2	0
12	30	16	1	1	1
12	17	16	1	1	1
12	67	16	1	2	0
12	52	16	-1	2	0
17	57	16	1	1	2
17	40	16	1	3	0
17	16	16	1	1	0
17	59	16	-1	1	0
17	73	16	-1	0	1
17	20	16	-1	1	1
21	15	16	1	2	0
21	22	16	1	2	0
21	12	16	1	0	2
21	73	16	-1	0	2
21	50	16	1	0	2
28	6	16	1	0	0
28	44	16	1	1	0
28	22	16	1	1	0
28	33	16	1	0	0
28	9	16	-1	1	1
28	7	16	1	0	0
32	46	16	1	0	1
32	37	16	-1	0	1
32	65	16	1	1	1
32	78	16	1	1	1
32	64	16	1	1	1
32	12	16	1	1	1
43	44	16	-1	2	1
43	59	16	1	2	0
43	42	16	1	1	2
43	63	16	-1	1	1
43	30	16	-1	1	2
43	58	16	1	0	2
47	49	16	1	0	0
47	16	16	1	0	0
47	5	16	1	0	0
47	20	16	-1	0	0
47	47	16	1	0	1
47	69	16	1	0	0
53	49	16	1	0	1
53	11	16	1	1	0
53	79	16	1	1	0
53	46	16	1	0	1
53	56	16	1	1	0
53	17	16	1	0	1
57	42	16	1	0	0
57	12	16	1	0	0
57	32	16	1	0	0
57	50	16	1	0	0
57	16	16	1	0	0
57	19	16	1	0	0
61	72	16	1	0	2
61	14	16	1	0	1
61	71	16	1	0	1
61	31	16	-1	2	0
61	8	16	1	0	2
61	73	16	-1	1	1
67	17	16	1	0	0
67	72	16	1	0	0
67	78	16	1	0	0
67	49	16	1	0	0
67	16	16	1	0	0
67	34	16	1	0	0
73	73	16	-1	0	0
73	11	16	1	0	0
73	74	16	1	0	0
73	55	16	1	0	0
73	50	16	1	0	0
73	78	16	1	0	0
81	12	16	1	0	2
81	70	16	1	0	2
81	17	16	1	1	1
81	22	16	-1	1	1
81	71	16	1	1	1
81	29	16	1	0	2
87	78	16	1	0	1
87	12	16	1	0	1
87	41	16	1	0	1
87	73	16	-1	0	1
87	16	16	1	2	0
87	51	16	-1	2	0
95	56	16	-1	0	0
95	9	16	-1	0	0
95	43	16	1	0	0
95	11	16	1	0	0
95	47	16	1	0	0
95	38	16	-1	0	0
104	30	16	-1	0	0
104	57	16	1	0	0
104	79	16	1	0	1
104	59	16	-1	0	1
104	19	16	1	1	0
104	27	16	1	1	0
114	55	16	1	0	0
114	44	16	-1	0	0
114	20	16	-1	0	0
114	22	16	1	0	0
114	15	16	1	0	0
114	17	16	1	0	0
116	54	16	-1	3	0
116	73	16	-1	1	2
116	67	16	1	1	2
116	28	16	-1	0	3
116	48	16	1	1	2
116	60	16	1	0	3
121	2	16	-1	1	0
121	6	16	1	0	0
121	39	16	1	1	0
121	64	16	1	0	0
121	12	16	1	0	0
121	3	16	1	0	0
125	7	16	1	0	3
125	74	16	1	0	3
125	16	16	1	2	2
125	62	16	1	3	1
125	28	16	-1	0	4
125	39	16	1	2	2
132	58	16	1	1	0
132	7	16	1	0	0
132	9	16	-1	0	0
132	45	16	-1	0	0
132	34	16	1	1	0
132	10	16	1	0	0
132	69	16	1	1	0
136	59	16	-1	1	0
136	54	16	-1	0	1
136	14	16	-1	1	1
136	8	16	1	0	2
136	71	16	1	1	1
136	61	16	1	2	0
140	11	16	1	1	2
140	35	16	1	3	0
140	2	16	1	3	0
140	25	16	1	1	2
140	57	16	1	2	1
140	14	16	-1	0	3
147	7	16	1	1	1
147	11	16	1	0	2
147	9	16	-1	2	0
147	15	16	1	1	1
147	3	16	1	0	2
147	44	16	-1	1	1
151	51	16	1	0	0
151	39	16	1	0	0
151	42	16	1	0	0
151	78	16	1	0	0
151	76	16	-1	0	0
151	36	16	1	0	0
155	4	16	1	1	1
155	21	16	-1	1	0
155	59	16	-1	0	1
155	73	16	-1	1	1
155	27	16	1	2	1
155	39	16	1	3	0
160	16	16	1	2	1
160	70	16	1	1	2
160	2	16	1	1	2
160	31	16	-1	2	1
160	46	16	1	2	1
160	72	16	1	1	2
165	11	16	-1	1	1
165	37	16	-1	1	1
165	29	16	1	1	1
165	40	16	1	1	1
165	7	16	-1	1	1
165	10	16	1	2	0
170	48	16	1	2	0
170	27	16	1	1	1
170	78	16	1	0	2
170	58	16	1	0	2
170	32	16	1	2	0
170	71	16	-1	1	1
180	60	16	1	0	1
180	42	16	-1	0	1
180	19	16	1	0	1
180	7	16	1	1	0
180	56	16	1	1	0
180	79	16	1	0	1
185	64	16	1	0	1
185	38	16	1	0	1
185	35	16	1	2	0
185	32	16	-1	2	0
185	8	16	1	0	2
185	20	16	-1	1	1
190	16	16	1	0	2
190	69	16	1	0	2
190	24	16	1	2	0
190	51	16	1	2	0
190	31	16	-1	1	1
190	15	16	1	2	0
198	51	16	-1	0	1
198	25	16	1	0	1
198	46	16	1	1	0
198	20	16	-1	0	1
198	14	16	-1	0	1
198	40	16	-1	0	1
202	50	16	1	0	1
202	48	16	1	1	0
202	44	16	-1	0	1
202	35	16	1	0	1
202	46	16	1	0	1
202	25	16	1	1	0
204	59	16	1	1	0
204	3	16	1	1	0
204	24	16	1	2	0
204	21	16	-1	0	0
204	33	16	1	0	0
204	32	16	1	0	0
212	12	16	1	1	0
212	29	16	1	1	0
212	46	16	1	0	1
212	24	16	1	1	0
212	47	16	1	0	1
212	68	16	-1	0	1
216	20	16	-1	1	2
216	42	16	-1	0	3
216	52	16	-1	2	1
216	54	16	1	1	1
216	46	16	1	1	2
216	29	16	1	1	2
219	22	16	1	0	3
219	64	16	1	2	1
219	6	16	1	4	0
219	45	16	-1	2	1
219	41	16	1	2	1
219	74	16	1	0	3
227	62	16	1	0	0
227	60	16	1	0	0
227	2	16	1	0	0
227	49	16	1	0	0
227	5	16	-1	0	0
227	36	16	1	0	0
241	36	16	-1	0	0
241	64	16	-1	1	0
241	46	16	1	0	0
241	65	16	1	1	0
241	63	16	-1	1	0
241	12	16	1	0	0
244	47	16	1	0	1
244	63	16	1	0	1
244	41	16	-1	1	0
244	20	16	-1	1	0
244	8	16	1	0	1
244	71	16	-1	1	0
248	38	16	1	1	1
248	42	16	-1	0	2
248	49	16	1	2	0
248	37	16	-1	0	2
248	11	16	1	2	0
248	35	16	1	1	1
256	30	16	1	1	0
256	42	16	-1	0	1
256	12	16	1	0	1
256	3	16	1	1	0
256	2	16	-1	0	1
259	61	16	-1	1	0
259	30	16	-1	1	0
259	41	16	1	0	1
259	70	16	1	1	0
259	56	16	1	1	0
259	27	16	1	0	1
264	41	16	1	0	0
264	25	16	1	0	0
264	61	16	1	0	0
264	60	16	1	0	0
264	67	16	-1	0	0
264	76	16	-1	0	0
269	61	16	1	0	0
269	55	16	1	0	0
269	18	16	1	0	0
269	3	16	1	0	0
269	64	16	-1	0	0
269	39	16	1	0	0
273	35	16	-1	2	1
273	49	16	1	1	2
273	74	16	1	2	1
273	15	16	-1	2	1
273	36	16	1	0	3
273	34	16	1	0	3
1	70	17	1	0	1
1	68	17	-1	2	0
1	58	17	1	0	1
1	44	17	1	1	0
1	28	17	1	3	0
1	11	17	-1	0	1
10	69	17	-1	0	0
10	20	17	1	0	0
10	14	17	1	0	0
10	30	17	1	0	1
10	31	17	1	0	1
10	43	17	-1	1	0
13	29	17	1	0	0
13	6	17	1	0	0
13	24	17	1	0	1
13	68	17	-1	1	0
13	5	17	-1	0	0
13	4	17	1	0	0
16	20	17	1	2	0
16	14	17	-1	1	1
16	72	17	-1	0	2
16	25	17	1	0	2
16	67	17	1	1	1
16	4	17	1	0	2
23	55	17	1	1	0
23	54	17	-1	1	0
23	14	17	1	0	1
23	48	17	1	2	0
23	64	17	1	2	0
23	21	17	-1	2	0
26	72	17	1	0	2
26	51	17	1	1	2
26	34	17	-1	2	1
26	27	17	1	1	1
26	5	17	1	1	1
26	21	17	-1	2	0
33	39	17	1	0	0
33	71	17	-1	0	0
33	51	17	-1	0	0
33	70	17	-1	0	0
33	37	17	1	0	0
33	28	17	1	0	0
36	34	17	1	2	0
36	42	17	-1	1	1
36	69	17	-1	2	0
36	19	17	-1	0	2
36	64	17	1	1	0
36	28	17	1	0	2
43	44	17	1	1	0
43	59	17	1	0	0
43	42	17	-1	1	0
43	63	17	1	0	0
43	30	17	-1	1	0
43	58	17	-1	0	0
46	69	17	-1	1	1
46	4	17	-1	1	1
46	35	17	1	1	1
46	29	17	1	1	1
46	37	17	1	0	2
46	58	17	1	0	2
52	69	17	-1	0	2
52	72	17	1	0	2
52	40	17	1	1	1
52	20	17	-1	0	2
52	61	17	-1	1	1
52	22	17	1	0	2
58	62	17	1	0	2
58	11	17	-1	1	1
58	8	17	-1	1	1
58	6	17	1	1	1
58	4	17	1	2	0
58	40	17	1	2	0
62	10	17	-1	0	3
62	35	17	1	3	0
62	52	17	1	0	3
62	21	17	-1	3	0
62	61	17	-1	0	3
62	7	17	1	2	1
66	12	17	1	2	1
66	69	17	-1	1	2
66	79	17	1	3	1
66	54	17	-1	1	2
66	37	17	1	1	2
66	33	17	-1	2	1
72	40	17	1	2	0
72	12	17	1	0	2
72	2	17	1	1	1
72	62	17	1	0	2
72	61	17	-1	0	2
72	76	17	1	0	2
78	33	17	-1	2	0
78	11	17	1	1	1
78	71	17	1	0	2
78	26	17	1	1	1
78	21	17	-1	1	1
78	2	17	1	2	0
82	52	17	1	1	1
82	72	17	-1	0	2
82	59	17	-1	0	2
82	45	17	-1	2	0
82	61	17	-1	0	2
82	36	17	-1	1	1
86	35	17	1	1	1
86	40	17	1	1	1
86	74	17	1	0	2
86	19	17	1	0	2
86	79	17	1	3	0
86	27	17	1	0	2
97	10	17	-1	0	1
97	38	17	1	1	0
97	36	17	1	0	1
97	16	17	1	0	1
97	52	17	-1	1	0
97	39	17	1	0	1
101	49	17	1	1	0
101	48	17	-1	0	0
101	71	17	-1	0	0
101	18	17	1	2	0
101	44	17	1	0	0
101	24	17	1	0	0
112	44	17	-1	1	0
112	47	17	1	0	1
112	51	17	-1	0	1
112	40	17	1	1	0
112	62	17	1	0	1
115	26	17	1	1	0
115	17	17	1	1	0
115	6	17	-1	1	0
115	38	17	-1	0	1
115	74	17	-1	0	1
115	58	17	-1	0	1
123	72	17	-1	0	0
123	42	17	-1	0	0
123	65	17	1	0	0
123	39	17	1	0	0
123	48	17	1	0	0
123	33	17	-1	0	0
126	3	17	-1	0	2
126	57	17	1	0	2
126	38	17	1	1	0
126	69	17	-1	1	1
126	33	17	1	1	1
126	30	17	1	1	1
130	31	17	1	3	0
130	50	17	1	3	1
130	34	17	-1	3	1
130	43	17	-1	2	2
130	26	17	1	1	3
130	38	17	1	1	3
139	79	17	1	1	0
139	52	17	-1	0	1
139	41	17	-1	0	1
139	62	17	1	0	1
139	26	17	1	0	1
139	56	17	-1	1	0
141	27	17	1	1	0
141	61	17	-1	1	0
141	19	17	1	0	1
141	70	17	1	1	0
141	16	17	1	1	0
145	74	17	-1	0	1
145	64	17	1	2	0
145	3	17	-1	0	1
145	17	17	1	0	1
145	63	17	1	1	1
145	19	17	1	0	3
145	5	17	-1	0	1
145	2	17	-1	0	0
145	32	17	-1	1	0
154	63	17	1	0	0
154	43	17	-1	0	0
154	52	17	-1	0	0
154	41	17	-1	0	0
154	25	17	-1	0	0
154	60	17	-1	0	0
156	76	17	-1	0	2
156	12	17	1	1	1
156	38	17	1	1	1
156	72	17	-1	1	1
156	2	17	-1	2	0
156	18	17	1	0	2
160	16	17	1	3	1
160	70	17	-1	2	2
160	2	17	-1	2	2
160	31	17	1	2	2
160	72	17	-1	2	2
167	70	17	-1	1	0
167	48	17	1	0	1
167	61	17	1	0	1
167	32	17	1	2	0
167	56	17	-1	1	0
167	45	17	1	0	2
171	69	17	-1	1	1
171	30	17	1	2	0
171	65	17	1	2	0
171	18	17	1	0	2
171	45	17	1	0	2
171	15	17	1	2	0
177	27	17	1	2	0
177	60	17	-1	0	1
177	43	17	1	2	0
177	56	17	-1	0	1
177	31	17	1	1	0
177	35	17	-1	0	1
181	65	17	1	3	0
181	34	17	1	1	2
181	73	17	1	1	2
181	20	17	1	2	1
181	35	17	-1	1	2
181	67	17	1	2	1
185	64	17	1	1	2
185	38	17	1	1	2
185	35	17	-1	3	1
185	32	17	1	3	1
185	8	17	1	1	3
185	20	17	1	1	3
192	38	17	1	0	0
192	11	17	-1	0	0
192	5	17	1	0	0
192	40	17	1	0	0
192	46	17	1	0	0
192	47	17	1	0	0
197	48	17	1	0	1
197	38	17	1	0	1
197	59	17	1	1	0
197	34	17	-1	1	0
197	46	17	1	0	1
197	19	17	1	1	0
201	52	17	-1	0	0
201	56	17	-1	0	0
201	59	17	1	0	0
201	40	17	1	1	0
201	20	17	1	0	0
201	43	17	-1	0	0
206	60	17	1	0	3
206	50	17	1	1	2
206	68	17	1	2	1
206	46	17	1	0	3
206	15	17	-1	3	0
210	47	17	-1	0	2
210	76	17	-1	0	2
210	35	17	1	1	1
210	65	17	1	1	0
210	45	17	1	0	1
214	76	17	1	0	0
214	62	17	1	0	0
214	39	17	1	1	0
214	27	17	1	2	0
214	36	17	1	0	0
214	70	17	-1	0	0
223	79	17	1	0	1
223	16	17	1	0	1
223	47	17	1	0	1
223	61	17	1	1	0
223	6	17	1	1	0
227	62	17	1	1	0
227	60	17	1	1	0
227	2	17	-1	1	0
227	49	17	1	1	0
227	5	17	-1	0	1
227	36	17	1	1	0
229	55	17	1	1	0
229	60	17	1	2	0
229	74	17	1	0	1
229	58	17	1	0	1
229	19	17	1	0	1
229	36	17	1	0	1
237	61	17	1	0	0
237	22	17	1	0	0
237	21	17	-1	0	0
237	58	17	1	0	0
237	69	17	1	0	0
237	29	17	1	0	0
240	18	17	1	1	0
240	20	17	1	1	0
240	34	17	1	1	0
240	57	17	1	0	1
240	42	17	-1	0	1
240	22	17	-1	0	1
243	39	17	1	1	0
243	64	17	1	1	0
243	51	17	-1	1	0
243	76	17	1	0	1
243	12	17	1	0	1
243	19	17	-1	0	1
252	62	17	1	0	0
252	38	17	1	0	0
252	17	17	1	0	0
252	14	17	1	0	0
252	76	17	1	0	0
252	32	17	1	0	0
255	40	17	1	1	0
255	70	17	-1	1	0
255	72	17	1	0	1
255	5	17	1	0	0
255	73	17	1	1	0
255	38	17	1	0	1
258	7	17	1	0	0
258	3	17	-1	1	0
258	20	17	-1	0	0
258	11	17	-1	0	0
258	2	17	-1	0	0
258	19	17	1	0	0
267	3	17	-1	0	1
267	4	17	1	0	1
267	74	17	1	0	1
267	73	17	1	1	0
267	70	17	1	0	1
267	21	17	-1	1	0
272	42	17	-1	0	1
272	8	17	-1	0	1
272	34	17	-1	0	1
272	59	17	1	1	0
272	38	17	1	0	1
272	9	17	1	1	0
276	44	17	1	0	0
276	51	17	-1	0	0
276	22	17	1	0	0
276	2	17	1	0	0
276	15	17	1	0	0
276	50	17	1	0	0
1	70	18	-1	0	0
1	58	18	-1	0	0
1	28	18	1	2	0
1	11	18	-1	0	0
1	44	18	1	0	0
1	68	18	1	1	0
8	48	18	1	1	0
8	72	18	-1	0	1
8	69	18	1	1	0
8	16	18	-1	0	1
8	62	18	-1	0	0
8	41	18	1	1	0
15	55	18	1	0	0
15	79	18	-1	0	0
15	61	18	-1	0	0
15	19	18	1	0	0
15	48	18	1	0	0
15	32	18	1	0	0
18	32	18	-1	1	1
18	39	18	-1	0	1
18	35	18	1	1	1
18	56	18	-1	2	0
18	40	18	1	3	0
18	50	18	1	2	0
21	15	18	1	0	0
21	22	18	1	0	0
21	12	18	-1	0	0
21	79	18	-1	1	0
21	73	18	-1	0	0
21	50	18	-1	0	0
30	54	18	1	0	0
30	19	18	-1	0	0
30	56	18	-1	0	0
30	32	18	-1	0	0
30	61	18	-1	0	0
30	39	18	-1	0	0
33	39	18	-1	1	2
33	71	18	-1	0	3
33	51	18	-1	1	2
33	70	18	-1	1	2
33	37	18	-1	2	1
33	28	18	1	3	0
36	34	18	1	4	0
36	42	18	-1	1	3
36	69	18	1	2	2
36	19	18	-1	1	3
36	64	18	1	2	1
36	28	18	-1	1	3
45	32	18	-1	0	0
45	17	18	-1	0	0
45	70	18	-1	0	0
45	39	18	-1	0	0
45	56	18	-1	0	0
45	71	18	1	0	0
48	71	18	1	1	0
48	18	18	-1	1	0
48	60	18	1	0	1
48	68	18	1	0	1
48	16	18	-1	0	1
48	8	18	1	0	1
51	12	18	-1	3	3
51	51	18	1	6	0
51	70	18	-1	2	2
51	73	18	-1	0	4
51	71	18	1	1	3
51	25	18	1	3	2
59	33	18	1	0	1
59	16	18	-1	0	1
59	39	18	-1	1	0
59	59	18	1	1	0
59	48	18	1	0	1
59	31	18	1	1	0
65	46	18	-1	0	0
65	3	18	-1	0	0
65	16	18	-1	0	0
65	22	18	1	0	0
65	21	18	1	0	0
65	52	18	-1	0	0
74	29	18	-1	0	1
74	61	18	-1	0	1
74	30	18	-1	1	0
74	46	18	-1	1	0
74	21	18	1	1	0
74	27	18	-1	0	1
80	58	18	-1	0	0
80	18	18	-1	1	0
80	61	18	-1	0	0
80	34	18	1	0	0
80	25	18	1	0	0
80	5	18	1	1	0
88	65	18	1	1	1
88	49	18	-1	2	0
88	22	18	1	0	2
88	74	18	-1	1	1
88	46	18	-1	1	1
88	63	18	-1	1	1
94	69	18	1	0	1
94	45	18	-1	0	1
94	2	18	-1	0	1
94	20	18	1	1	0
94	3	18	-1	0	1
94	15	18	1	1	0
97	10	18	-1	0	2
97	38	18	1	3	0
97	16	18	-1	2	1
97	39	18	-1	1	1
97	36	18	1	1	1
97	52	18	-1	1	1
102	57	18	-1	2	1
102	43	18	-1	1	2
102	76	18	-1	0	3
102	33	18	-1	0	3
102	11	18	-1	2	1
102	40	18	1	2	1
110	49	18	-1	1	0
110	45	18	-1	0	1
110	73	18	-1	0	1
110	60	18	-1	0	1
110	16	18	-1	0	1
110	47	18	-1	0	1
110	40	18	1	1	0
127	47	18	-1	1	2
127	40	18	1	2	1
127	41	18	1	1	1
127	49	18	-1	2	1
127	16	18	-1	1	2
127	70	18	-1	1	2
141	22	18	1	1	0
141	16	18	-1	2	0
141	70	18	-1	2	0
141	19	18	1	1	1
141	27	18	-1	2	0
141	61	18	-1	1	1
145	74	18	-1	0	4
145	64	18	1	5	0
145	3	18	-1	0	4
145	17	18	1	2	2
145	63	18	-1	3	1
145	19	18	-1	2	3
145	5	18	1	0	3
145	2	18	1	0	3
145	32	18	-1	1	2
153	2	18	1	1	0
153	45	18	-1	0	1
153	49	18	1	1	0
153	16	18	-1	0	1
153	39	18	-1	0	1
153	32	18	1	1	0
158	72	18	-1	0	0
158	42	18	-1	0	0
158	71	18	1	0	0
158	41	18	1	0	0
158	7	18	1	0	0
158	17	18	-1	0	0
162	59	18	1	1	0
162	21	18	1	2	0
162	11	18	-1	1	0
162	7	18	1	2	0
162	51	18	1	2	0
162	78	18	-1	0	2
165	7	18	1	2	2
165	40	18	1	3	1
165	29	18	-1	2	1
165	37	18	-1	1	2
165	11	18	-1	1	2
165	10	18	-1	5	0
173	18	18	-1	0	1
173	6	18	-1	0	1
173	56	18	1	1	0
173	16	18	-1	0	1
173	20	18	1	1	0
173	25	18	1	1	0
177	27	18	-1	3	0
177	60	18	1	0	2
177	43	18	-1	3	0
177	56	18	-1	0	2
177	31	18	1	2	0
177	35	18	1	0	2
180	42	18	-1	0	2
180	19	18	1	1	1
180	7	18	1	2	0
180	56	18	1	2	0
180	79	18	-1	1	1
180	60	18	-1	1	1
188	15	18	1	1	0
188	73	18	1	1	0
188	67	18	-1	0	1
188	41	18	1	0	1
188	40	18	1	1	0
188	50	18	-1	1	0
192	38	18	1	1	0
192	11	18	-1	0	1
192	5	18	1	1	0
192	40	18	1	1	0
192	46	18	-1	1	0
192	47	18	-1	1	0
196	22	18	1	1	1
196	14	18	-1	2	0
196	5	18	1	2	0
196	16	18	-1	0	2
196	42	18	-1	0	2
196	21	18	1	2	0
202	50	18	-1	1	1
202	48	18	1	2	0
202	44	18	-1	0	2
202	35	18	1	1	1
202	46	18	-1	1	1
202	25	18	1	2	0
205	11	18	-1	1	1
205	78	18	-1	0	2
205	44	18	-1	1	1
205	34	18	1	2	0
205	51	18	1	0	2
205	27	18	-1	1	1
209	44	18	1	4	0
209	71	18	1	2	1
209	12	18	-1	0	3
209	43	18	1	3	0
209	28	18	1	1	2
209	55	18	1	3	0
218	49	18	-1	0	0
218	78	18	-1	0	0
218	64	18	1	0	0
218	39	18	-1	0	0
218	44	18	-1	0	0
218	26	18	1	0	0
226	65	18	1	1	0
226	51	18	-1	1	0
226	38	18	1	1	0
226	32	18	-1	0	1
226	46	18	-1	0	1
226	4	18	-1	1	0
231	49	18	-1	0	2
231	61	18	-1	1	1
231	52	18	-1	1	1
231	63	18	-1	0	2
231	6	18	-1	1	1
231	71	18	1	0	2
234	50	18	-1	1	1
234	17	18	-1	0	2
234	49	18	-1	1	1
234	19	18	-1	0	2
234	51	18	1	1	1
234	9	18	1	0	2
238	27	18	-1	5	0
238	6	18	1	3	2
238	54	18	1	1	3
238	36	18	1	0	4
238	37	18	-1	2	3
238	41	18	1	2	3
247	73	18	-1	0	0
247	45	18	-1	0	0
247	39	18	-1	0	0
247	18	18	-1	0	0
247	36	18	1	0	0
247	9	18	1	0	0
249	20	18	1	0	2
249	48	18	1	1	1
249	19	18	-1	0	2
249	65	18	1	2	0
249	33	18	-1	0	2
249	55	18	1	2	0
255	40	18	1	3	0
255	70	18	-1	2	1
255	72	18	-1	2	1
255	73	18	-1	3	0
255	38	18	1	2	1
255	5	18	1	2	0
259	61	18	1	1	1
259	30	18	-1	1	1
259	41	18	1	1	1
259	70	18	1	2	0
259	56	18	1	2	0
259	27	18	-1	1	1
263	21	18	1	4	0
263	34	18	1	2	1
263	67	18	-1	0	3
263	47	18	-1	1	2
263	48	18	1	1	2
263	64	18	1	3	0
269	61	18	1	1	0
269	55	18	1	1	0
269	18	18	-1	1	0
269	3	18	-1	1	0
269	64	18	-1	0	1
269	39	18	-1	1	0
275	64	18	-1	0	1
275	31	18	1	1	0
275	37	18	-1	0	1
275	45	18	-1	0	1
275	67	18	-1	0	1
275	50	18	-1	1	0
1	28	19	1	0	0
1	68	19	1	3	1
9	29	19	1	0	0
9	34	19	1	1	0
9	10	19	1	0	0
9	35	19	-1	0	0
9	2	19	1	1	0
9	11	19	-1	1	0
14	43	19	1	0	1
14	64	19	1	1	0
24	17	19	1	0	0
24	38	19	1	1	0
29	22	19	1	0	0
29	38	19	1	0	0
29	6	19	-1	0	0
29	55	19	-1	0	0
29	3	19	-1	0	0
39	39	19	1	1	0
44	38	19	1	0	0
44	52	19	1	0	0
44	54	19	-1	0	1
44	78	19	1	1	0
46	35	19	1	2	1
46	29	19	1	2	1
46	69	19	1	1	2
46	4	19	1	1	2
54	33	19	1	1	0
60	27	19	1	0	0
61	8	19	-1	0	1
61	31	19	1	1	0
61	72	19	-1	0	1
61	73	19	1	0	1
69	16	19	1	1	0
69	54	19	1	0	1
69	67	19	-1	1	0
69	50	19	-1	1	0
69	29	19	-1	0	1
75	28	19	1	0	0
75	62	19	-1	0	0
75	34	19	1	0	0
84	28	19	1	1	0
90	46	19	1	0	0
90	38	19	1	0	0
92	6	19	-1	1	0
92	67	19	-1	1	0
92	45	19	-1	0	1
92	22	19	1	2	1
92	56	19	-1	1	1
92	33	19	1	0	2
97	38	19	1	2	0
97	16	19	1	1	1
106	29	19	1	0	1
106	54	19	1	1	0
114	15	19	1	1	0
117	39	19	1	0	0
117	50	19	1	0	0
122	15	19	1	2	0
132	69	19	1	0	0
132	58	19	1	0	0
132	34	19	1	0	0
135	78	19	-1	0	2
135	32	19	1	1	1
135	20	19	1	5	0
145	64	19	1	1	0
145	19	19	-1	0	1
152	24	19	1	3	0
155	39	19	1	0	0
155	27	19	1	0	0
162	21	19	1	3	0
166	25	19	1	1	2
166	20	19	1	3	0
176	25	19	1	0	1
187	16	19	1	1	0
187	51	19	1	0	0
191	50	19	1	2	0
207	78	19	1	0	0
207	65	19	1	0	0
211	60	19	1	2	0
211	8	19	-1	2	0
215	68	19	1	2	0
221	63	19	1	0	0
221	46	19	1	0	0
221	51	19	1	1	0
225	39	19	1	1	0
225	49	19	-1	1	0
225	15	19	1	1	0
239	24	19	1	0	0
249	65	19	1	3	0
262	60	19	1	0	0
262	64	19	1	0	0
262	69	19	1	0	0
265	72	19	1	0	0
269	61	19	1	2	0
274	65	19	1	1	0
274	18	19	1	1	1
274	42	19	1	1	0
