0.012505,0
0.012505,0
0.020346,0
0.023888,0
0.030288,0
0.033695,0
0.033695,0
0.035619,0
0.035939,0
0.035939,0
0.037993,0
0.041273,0
0.041273,0
0.041668,0
0.041668,0
0.052066,0
0.052091,0
0.052146,0
0.056158,0
0.05775,0
0.05775,0
0.05775,0
0.05775,0
0.05775,0
0.05775,0
0.05775,0
0.066619,0
0.066619,0
0.066619,0
0.066619,0
0.06783,0
0.068464,0
0.070608,0
0.070608,0
0.070608,0
0.070714,0
0.070714,0
0.070714,0
0.071714,0
0.071839,0
0.071839,0
0.071839,0
0.071839,0
0.071839,0
0.071839,0
0.075903,0
0.07604,0
0.07604,0
0.081412,0
0.082063,0
0.082708,0
0.0832,0
0.084816,0
0.084816,0
0.084816,0
0.084816,0
0.086295,0
0.086428,0
0.086443,0
0.086443,0
0.088269,0
0.088269,0
0.089396,0
0.091825,0
0.095091,0
0.095208,0
0.09523,0
0.09523,0
0.098756,0
0.098756,0
0.098756,0
0.1022,0
0.10263,0
0.10372,0
0.10796,0
0.10796,0
0.10796,0
0.10796,0
0.10796,0
0.10796,0
0.10796,0
0.10796,0
0.1081,0
0.10849,0
0.10849,0
0.10849,0
0.10849,0
0.11116,0
0.11138,0
0.11376,0
0.11621,0
0.11634,0
0.11634,0
0.11634,0
0.11879,0
0.11879,0
0.11996,0
0.11996,0
0.11996,0
0.11996,0
0.11996,0
0.11996,0
0.11996,0
0.11996,0
0.11996,0
0.12054,0
0.12054,0
0.12054,0
0.12113,0
0.12132,0
0.12132,0
0.12132,0
0.1222,0
0.12269,0
0.12269,0
0.12269,1
0.12346,0
0.12417,0
0.12431,0
0.12498,0
0.12579,0
0.12579,0
0.12579,0
0.12698,1
0.13099,0
0.13247,0
0.13379,0
0.13379,0
0.1344,0
0.1344,0
0.13544,0
0.136,0
0.136,0
0.136,0
0.136,0
0.136,0
0.136,0
0.136,0
0.136,0
0.13684,0
0.13723,0
0.13723,0
0.13723,0
0.13723,0
0.13729,0
0.13817,0
0.13854,0
0.13854,0
0.13854,0
0.13854,0
0.13854,0
0.13854,0
0.14439,0
0.1462,0
0.14639,0
0.14663,0
0.14687,0
0.14687,0
0.14687,0
0.14687,0
0.1471,0
0.1471,0
0.14727,0
0.14727,0
0.14727,0
0.14755,0
0.14857,0
0.14857,0
0.15085,0
0.15085,0
0.15219,0
0.15219,0
0.15437,0
0.15472,0
0.15472,0
0.15472,0
0.15483,0
0.15593,0
0.15707,1
0.15707,0
0.1585,0
0.16107,1
0.16163,0
0.16191,0
0.16191,0
0.16209,0
0.16209,0
0.16209,0
0.16209,0
0.16585,0
0.16585,1
0.16585,0
0.16585,0
0.16585,1
0.16591,0
0.16591,0
0.16591,0
0.16601,0
0.16601,0
0.16673,0
0.16673,0
0.16716,0
0.16716,0
0.16716,0
0.16864,0
0.16882,0
0.17039,0
0.17039,0
0.17282,0
0.17438,0
0.17631,0
0.17631,0
0.17762,0
0.17783,0
0.178,0
0.178,0
0.18124,0
0.18124,0
0.18189,1
0.18189,0
0.18257,0
0.18257,0
0.18443,0
0.18443,0
0.18458,0
0.18458,0
0.18458,0
0.18458,0
0.18518,0
0.18518,0
0.18518,0
0.18585,0
0.18585,0
0.18585,0
0.18585,0
0.18585,0
0.18585,0
0.18585,0
0.18585,0
0.18585,0
0.18585,0
0.18585,0
0.18585,0
0.18585,0
0.18585,0
0.18585,0
0.18585,0
0.18585,0
0.18585,0
0.18585,0
0.18585,0
0.18585,0
0.18585,1
0.18585,0
0.18776,0
0.18888,0
0.18888,0
0.18888,0
0.18888,0
0.18888,0
0.18888,0
0.18888,0
0.18888,0
0.18888,0
0.18888,0
0.18888,0
0.18888,0
0.18888,0
0.18888,0
0.18888,0
0.18888,0
0.18888,0
0.18888,0
0.18904,0
0.18904,0
0.18904,0
0.18904,0
0.18904,0
0.18904,0
0.18904,0
0.18911,0
0.18989,0
0.18989,0
0.18989,1
0.19057,0
0.19057,0
0.19097,0
0.19097,0
0.19105,0
0.19105,0
0.1916,0
0.19269,0
0.19269,0
0.19329,0
0.19357,0
0.19411,0
0.19433,0
0.19433,0
0.19433,0
0.19433,0
0.19433,0
0.19435,0
0.19435,0
0.19435,0
0.19435,1
0.19435,0
0.19495,0
0.19495,0
0.19495,0
0.19495,0
0.19495,0
0.19495,0
0.19673,0
0.19803,0
0.19803,0
0.19851,0
0.19851,0
0.19851,0
0.19851,0
0.19851,0
0.19851,0
0.20069,0
0.20069,0
0.20069,0
0.20069,0
0.20069,0
0.2008,0
0.20093,1
0.20106,0
0.20217,0
0.20239,0
0.20355,0
0.20355,1
0.20355,0
0.20452,0
0.20461,0
0.20475,0
0.20493,0
0.20493,0
0.20547,0
0.20547,0
0.20547,0
0.20547,0
0.20586,0
0.20586,0
0.20586,0
0.20586,0
0.20586,0
0.20586,0
0.20586,0
0.20586,0
0.20587,0
0.20587,0
0.20587,0
0.20587,0
0.20587,0
0.20587,1
0.20587,0
0.20587,0
0.20587,0
0.20626,0
0.20638,0
0.20678,0
0.20678,0
0.20678,0
0.20769,1
0.20769,0
0.2083,0
0.2083,0
0.2083,1
0.2083,0
0.2083,0
0.2083,0
0.2083,0
0.2083,0
0.2083,0
0.2083,0
0.2083,0
0.20953,0
0.21003,0
0.21003,0
0.21462,0
0.21567,0
0.21567,0
0.2169,1
0.21717,0
0.21724,0
0.21788,0
0.21788,0
0.21788,0
0.21793,0
0.21793,0
0.21793,1
0.21804,0
0.21822,0
0.21854,0
0.21854,1
0.21854,0
0.21854,0
0.21956,0
0.21956,0
0.21956,0
0.21956,0
0.21956,1
0.21956,1
0.21956,0
0.21956,1
0.21956,1
0.22028,0
0.22093,0
0.22096,0
0.221,0
0.221,0
0.22119,0
0.22155,1
0.22226,0
0.22226,0
0.22226,1
0.22278,0
0.22278,0
0.22389,0
0.22389,1
0.22469,0
0.22469,0
0.22505,0
0.22505,0
0.22619,1
0.22804,0
0.22847,0
0.22847,0
0.23055,1
0.23089,0
0.23089,0
0.23165,0
0.23165,0
0.23194,0
0.23217,0
0.23246,0
0.23246,0
0.23246,0
0.23246,0
0.23246,0
0.23246,0
0.23246,0
0.23246,0
0.23246,0
0.23246,1
0.23246,0
0.23246,0
0.23246,0
0.23246,0
0.23246,0
0.23246,0
0.23246,1
0.23246,0
0.23246,0
0.23246,0
0.23246,1
0.23246,0
0.23246,0
0.23246,1
0.23274,1
0.2333,0
0.23417,0
0.23417,0
0.23438,0
0.23443,0
0.23486,0
0.23652,0
0.23652,0
0.23652,0
0.23652,0
0.24003,0
0.24003,0
0.24246,0
0.24248,0
0.24248,0
0.24248,0
0.24248,0
0.24248,0
0.24248,0
0.24248,1
0.24369,1
0.24448,0
0.2446,0
0.2446,0
0.2446,0
0.2446,1
0.24465,0
0.24474,0
0.24474,0
0.24474,0
0.24512,0
0.24512,0
0.24542,0
0.24542,0
0.24542,0
0.24542,0
0.24542,0
0.24617,1
0.24617,0
0.24645,1
0.24678,0
0.24976,0
0.24997,0
0.24997,0
0.25071,0
0.25071,0
0.25071,1
0.25071,0
0.25111,0
0.25115,1
0.25115,0
0.25153,1
0.25153,0
0.25153,0
0.25153,0
0.25553,0
0.25553,0
0.25553,0
0.25609,0
0.25609,0
0.25633,0
0.25667,0
0.25873,0
0.25893,0
0.25932,0
0.25932,0
0.25968,0
0.25968,0
0.25968,0
0.25999,0
0.25999,0
0.25999,0
0.25999,0
0.25999,0
0.26064,0
0.26064,0
0.26064,0
0.26098,0
0.26146,0
0.26146,0
0.26146,1
0.26154,0
0.26154,0
0.26154,0
0.2619,0
0.2619,0
0.2619,1
0.2619,0
0.2619,1
0.26212,0
0.26235,0
0.26346,1
0.26355,0
0.26588,0
0.26599,1
0.26599,0
0.2662,0
0.26742,0
0.26742,0
0.26984,0
0.26984,1
0.26996,0
0.27162,0
0.27244,1
0.27272,0
0.27378,0
0.27378,0
0.27436,0
0.27446,1
0.27446,0
0.27446,0
0.27446,0
0.27463,1
0.27463,1
0.27463,0
0.27463,0
0.27463,0
0.27463,0
0.27463,0
0.27471,0
0.27518,0
0.27532,0
0.27532,1
0.27541,0
0.27541,0
0.27645,0
0.27645,1
0.27645,0
0.27645,0
0.27645,1
0.27645,0
0.27645,0
0.27645,0
0.27645,0
0.27645,0
0.27645,1
0.27671,1
0.27671,0
0.27671,0
0.27671,0
0.27671,0
0.27671,0
0.27729,1
0.27729,0
0.27804,0
0.27804,0
0.27804,0
0.27841,1
0.27841,0
0.27841,0
0.27896,1
0.27896,0
0.27914,1
0.27914,0
0.27914,0
0.27914,0
0.27914,0
0.27914,1
0.28066,0
0.28146,0
0.28286,0
0.283,0
0.28328,0
0.2836,1
0.28522,0
0.28522,0
0.28522,0
0.28533,0
0.28769,0
0.28769,0
0.28969,0
0.28988,0
0.28992,0
0.28992,1
0.29068,0
0.29068,0
0.29145,0
0.29145,1
0.29145,0
0.29145,1
0.29145,0
0.29145,0
0.29145,0
0.29145,0
0.29145,0
0.29145,1
0.29172,1
0.29172,0
0.29172,0
0.29172,0
0.29172,1
0.29172,0
0.29172,0
0.29172,1
0.29172,1
0.29172,1
0.29172,0
0.29172,0
0.29172,1
0.29177,0
0.29196,0
0.29203,0
0.29203,0
0.2922,0
0.2922,0
0.2922,0
0.29229,0
0.29238,0
0.29238,1
0.2934,0
0.29483,1
0.29483,0
0.29686,0
0.29724,0
0.29724,0
0.29724,0
0.29806,0
0.29923,1
0.30013,1
0.30013,0
0.30013,1
0.30214,0
0.30528,0
0.30528,1
0.30709,0
0.30709,0
0.30709,0
0.30709,1
0.30709,0
0.30709,1
0.30717,0
0.30725,0
0.30725,1
0.30752,0
0.30752,1
0.30757,1
0.30757,0
0.30757,0
0.30776,0
0.30776,0
0.30835,0
0.31053,0
0.31053,0
0.31073,1
0.31075,0
0.31208,0
0.31208,1
0.31227,0
0.31282,1
0.3129,0
0.31303,0
0.31365,0
0.31413,1
0.31419,0
0.31419,0
0.31419,0
0.31419,0
0.31419,0
0.31419,0
0.31419,0
0.31419,1
0.31419,0
0.31419,1
0.31424,0
0.31437,1
0.31437,0
0.31437,0
0.31437,0
0.31437,0
0.31437,0
0.31437,1
0.31538,0
0.31538,0
0.31538,0
0.31538,0
0.31605,0
0.3163,0
0.31658,1
0.31658,1
0.31693,0
0.31714,0
0.31746,0
0.31746,0
0.31746,0
0.31795,0
0.31795,0
0.31795,0
0.31795,0
0.31795,1
0.31839,0
0.31864,0
0.31865,0
0.31865,1
0.31907,0
0.31966,0
0.31966,0
0.31966,0
0.31966,1
0.31966,0
0.31992,0
0.31992,0
0.31992,0
0.32019,0
0.32063,0
0.32063,0
0.32229,1
0.32229,0
0.32229,0
0.32229,0
0.32229,1
0.32229,0
0.32229,0
0.32229,0
0.32229,1
0.32229,1
0.32229,0
0.32229,0
0.32229,0
0.32229,0
0.32229,1
0.32229,0
0.32229,0
0.32229,1
0.32229,0
0.32229,0
0.32229,0
0.32229,0
0.32229,0
0.32229,0
0.32229,0
0.32229,1
0.32229,1
0.32229,0
0.32229,0
0.32229,0
0.32229,0
0.32229,0
0.32229,1
0.32229,0
0.32229,0
0.32229,0
0.32229,1
0.32229,1
0.32229,0
0.32229,0
0.32229,0
0.32229,0
0.32229,0
0.3227,0
0.32296,0
0.32296,0
0.32304,0
0.32304,0
0.32304,0
0.32304,0
0.32304,1
0.32513,0
0.3257,1
0.32783,1
0.32783,0
0.32809,0
0.32816,0
0.32816,0
0.32936,0
0.33024,1
0.33024,0
0.33024,1
0.33024,1
0.33024,0
0.33024,0
0.33024,0
0.33024,0
0.33024,0
0.33024,0
0.33024,0
0.33024,0
0.33024,0
0.33024,0
0.33024,0
0.33024,0
0.33024,0
0.33024,0
0.33024,0
0.33024,0
0.33024,0
0.33024,0
0.33024,0
0.33024,0
0.33024,0
0.33024,0
0.33024,1
0.33024,1
0.33024,1
0.33024,0
0.33024,0
0.33024,0
0.33024,0
0.33024,0
0.33024,1
0.33024,1
0.33024,0
0.33024,1
0.33024,0
0.33024,0
0.33024,1
0.33077,0
0.33082,0
0.33082,0
0.33147,1
0.33147,0
0.33147,1
0.33147,0
0.33147,1
0.33147,0
0.33147,0
0.33147,0
0.33147,0
0.33147,1
0.33207,1
0.33207,0
0.33217,0
0.33226,0
0.33226,1
0.33226,1
0.33226,0
0.33226,0
0.33226,0
0.33226,0
0.33226,0
0.3327,1
0.33318,0
0.33329,0
0.33329,0
0.33361,0
0.33361,0
0.33361,1
0.33362,0
0.33393,0
0.33393,1
0.33393,1
0.33393,0
0.33393,0
0.33403,0
0.33403,0
0.33403,0
0.33403,1
0.33403,0
0.33403,0
0.33493,0
0.33506,1
0.33506,0
0.33506,0
0.33506,0
0.33506,0
0.33517,0
0.33541,0
0.33656,1
0.33656,1
0.33656,0
0.33656,0
0.33656,0
0.33656,1
0.33656,0
0.33656,1
0.3368,0
0.3368,0
0.3368,0
0.3368,0
0.3385,0
0.3385,0
0.3385,0
0.3385,0
0.3385,0
0.3385,1
0.3385,0
0.3385,0
0.3385,0
0.33878,0
0.34048,0
0.34054,1
0.34222,0
0.34222,0
0.34222,0
0.3424,0
0.3424,0
0.3424,0
0.3424,0
0.34375,1
0.34375,0
0.34375,0
0.34375,1
0.34375,0
0.34375,0
0.34375,0
0.34375,0
0.34375,0
0.34375,1
0.34375,0
0.34375,0
0.34384,0
0.34384,0
0.34384,0
0.3449,0
0.34532,0
0.34532,0
0.34532,1
0.34691,1
0.34715,1
0.34715,0
0.34715,1
0.34715,0
0.3472,0
0.34725,1
0.3473,1
0.34772,0
0.34772,0
0.34772,1
0.34772,1
0.34772,0
0.34791,1
0.34883,1
0.34883,0
0.34883,1
0.34883,1
0.34917,1
0.34917,1
0.34939,0
0.34991,0
0.34991,0
0.34998,0
0.35078,1
0.35188,0
0.35286,0
0.35317,0
0.35337,0
0.35411,1
0.35524,0
0.35524,0
0.35524,0
0.35524,0
0.35524,0
0.35524,0
0.35526,0
0.35526,0
0.35526,0
0.35526,1
0.35527,0
0.35586,0
0.35586,0
0.35586,1
0.35586,1
0.35586,0
0.35586,1
0.35586,1
0.35587,0
0.35587,0
0.35587,0
0.35587,0
0.35587,0
0.35587,0
0.35636,0
0.35739,0
0.35812,0
0.35812,1
0.35812,0
0.35812,0
0.35889,0
0.35889,0
0.35889,0
0.35889,0
0.35892,0
0.35981,0
0.3601,1
0.3606,0
0.3606,0
0.3606,1
0.3606,1
0.3606,1
0.3606,1
0.3606,0
0.3606,0
0.3606,1
0.3606,1
0.3606,0
0.3606,1
0.3606,0
0.3606,0
0.3606,0
0.3606,1
0.36211,0
0.36231,1
0.36231,0
0.36231,0
0.36231,0
0.36231,1
0.36277,0
0.36351,0
0.36351,0
0.36357,0
0.36474,0
0.36486,1
0.36511,0
0.36511,0
0.36511,0
0.36554,0
0.36554,0
0.36554,0
0.36587,1
0.36587,0
0.36601,0
0.36601,0
0.36601,1
0.36601,0
0.36601,0
0.36601,1
0.36601,0
0.36601,1
0.36622,0
0.36622,1
0.37029,1
0.37029,1
0.37123,0
0.3718,1
0.3718,0
0.3718,0
0.3718,1
0.3718,0
0.37186,1
0.37209,1
0.37209,1
0.37209,1
0.37209,0
0.37209,0
0.37209,1
0.37209,0
0.37209,0
0.37209,0
0.37209,0
0.37209,1
0.37209,0
0.37209,0
0.37209,1
0.37209,1
0.37209,1
0.37209,1
0.37209,0
0.37209,1
0.37209,1
0.37209,0
0.37209,0
0.37209,1
0.37209,1
0.37209,0
0.37209,0
0.37209,1
0.37209,0
0.37209,0
0.37209,0
0.37209,1
0.37209,0
0.37209,1
0.37209,1
0.37209,0
0.37209,1
0.37209,0
0.37209,1
0.37209,0
0.37209,0
0.37209,1
0.37209,1
0.37209,0
0.37209,1
0.37209,0
0.37209,0
0.37209,1
0.37209,0
0.37209,0
0.37209,0
0.37209,1
0.37209,0
0.37209,0
0.37209,0
0.37209,0
0.37209,1
0.37209,0
0.37209,0
0.37209,0
0.37209,0
0.37209,0
0.37209,0
0.37209,0
0.37209,1
0.37209,0
0.37209,1
0.37209,0
0.37209,0
0.37209,1
0.37209,0
0.37209,0
0.37209,1
0.37209,1
0.37209,0
0.37209,0
0.37209,0
0.37209,0
0.37209,0
0.37209,0
0.37209,0
0.37209,0
0.37209,0
0.37209,0
0.37209,0
0.37209,0
0.37209,0
0.37209,1
0.37209,1
0.37209,0
0.37209,1
0.37209,0
0.37209,1
0.37209,0
0.37209,0
0.37209,0
0.37209,1
0.37209,1
0.37209,1
0.37209,0
0.37209,0
0.37209,0
0.37209,0
0.37209,0
0.37209,1
0.37209,1
0.37209,0
0.37209,1
0.37209,0
0.37209,0
0.37209,0
0.37209,0
0.37209,1
0.37209,0
0.37209,0
0.37209,0
0.37209,1
0.37209,0
0.37209,0
0.37209,1
0.37209,1
0.37209,1
0.37209,0
0.37209,0
0.37209,1
0.37209,0
0.37209,1
0.37209,0
0.37209,0
0.37209,0
0.37209,1
0.37209,0
0.37209,1
0.37209,0
0.37209,0
0.37209,0
0.37209,0
0.37209,0
0.37209,0
0.37209,1
0.37209,0
0.37209,0
0.37209,0
0.37209,1
0.37209,0
0.37209,0
0.37209,0
0.37209,0
0.37209,0
0.37209,0
0.37209,0
0.37209,0
0.37209,0
0.37209,0
0.37209,0
0.37209,1
0.37209,0
0.37209,0
0.37209,1
0.37209,1
0.37209,0
0.37209,1
0.37209,1
0.37209,1
0.37209,0
0.37209,0
0.37209,1
0.37209,0
0.37209,0
0.37209,0
0.37209,0
0.37209,0
0.37209,0
0.37209,1
0.37209,0
0.37209,1
0.37209,0
0.37209,0
0.37209,0
0.37209,0
0.37209,0
0.37209,0
0.37209,1
0.37209,1
0.37209,0
0.37209,1
0.37209,1
0.37209,1
0.37209,0
0.37209,1
0.37209,1
0.37209,0
0.37209,0
0.37209,1
0.37209,1
0.37209,1
0.37209,0
0.37209,0
0.37209,0
0.37209,1
0.37209,1
0.37209,1
0.37209,1
0.37209,0
0.37209,0
0.37209,0
0.37209,1
0.37209,0
0.37209,1
0.37209,1
0.37209,0
0.37209,0
0.37209,0
0.37209,0
0.37209,1
0.37209,1
0.37209,1
0.37209,0
0.37209,0
0.37209,1
0.37209,0
0.37209,1
0.37209,0
0.37209,0
0.37209,1
0.37209,0
0.37209,0
0.37209,1
0.37209,1
0.37209,1
0.37209,0
0.37209,1
0.37209,1
0.37209,0
0.37209,0
0.37209,0
0.37209,0
0.37209,1
0.37209,0
0.37209,0
0.37209,1
0.37209,1
0.37209,0
0.37209,0
0.37209,0
0.37209,0
0.37209,0
0.37209,1
0.37209,0
0.37209,1
0.37209,0
0.37209,1
0.37209,0
0.37209,1
0.37209,0
0.37209,0
0.37209,0
0.37209,1
0.37209,0
0.3723,1
0.37282,0
0.37282,0
0.37282,0
0.37282,0
0.37288,0
0.37288,0
0.37385,1
0.37385,0
0.37385,0
0.37385,0
0.37385,0
0.37412,0
0.37464,1
0.37464,0
0.37464,1
0.37464,1
0.37464,0
0.37464,0
0.37464,0
0.37464,1
0.37464,1
0.37466,0
0.37466,0
0.37466,0
0.37466,0
0.37466,1
0.37466,0
0.37503,0
0.37541,0
0.37541,0
0.3757,0
0.37592,0
0.37592,0
0.37606,0
0.37632,0
0.37632,0
0.37823,0
0.38006,1
0.38051,1
0.38051,1
0.38084,0
0.38101,1
0.38101,1
0.3812,1
0.38128,0
0.38186,0
0.38264,1
0.38269,0
0.38348,0
0.38405,1
0.38405,1
0.38555,0
0.38565,0
0.38605,1
0.38605,0
0.38605,1
0.38605,1
0.38672,1
0.38672,1
0.38672,0
0.39017,0
0.39017,0
0.39037,1
0.39109,0
0.39192,0
0.39192,1
0.39192,0
0.39227,0
0.39227,0
0.39227,1
0.39227,1
0.39227,1
0.39227,0
0.393,0
0.39723,0
0.39748,0
0.39869,0
0.39899,1
0.39899,1
0.39952,0
0.39975,0
0.39975,0
0.39975,0
0.39975,0
0.40139,0
0.40139,0
0.40173,0
0.40201,1
0.40297,1
0.40297,0
0.40297,1
0.40297,0
0.40297,0
0.40297,1
0.40297,0
0.40357,0
0.40357,0
0.40416,1
0.40439,1
0.40439,0
0.40439,1
0.40535,0
0.40535,1
0.40535,0
0.40535,0
0.40542,1
0.40684,0
0.40684,1
0.40867,0
0.40868,0
0.40955,0
0.41003,1
0.41003,1
0.41003,1
0.41003,0
0.41087,1
0.41118,0
0.41118,1
0.41118,0
0.41118,0
0.41118,1
0.41118,0
0.41118,0
0.41118,0
0.41134,0
0.41189,0
0.41189,0
0.4122,0
0.4122,1
0.41232,1
0.41232,1
0.41232,0
0.4128,0
0.4128,1
0.4128,1
0.4128,0
0.41326,1
0.41436,0
0.41436,1
0.41448,1
0.41472,1
0.41472,0
0.41504,0
0.41504,0
0.41569,1
0.41569,1
0.41569,0
0.41569,0
0.41569,1
0.41727,0
0.41848,0
0.41887,0
0.41887,1
0.41887,1
0.42017,1
0.4203,1
0.42061,0
0.42074,0
0.42074,1
0.42074,1
0.42074,1
0.42074,0
0.42074,1
0.42074,1
0.42091,0
0.42114,0
0.42114,0
0.42114,1
0.42114,0
0.42114,1
0.42114,0
0.42114,1
0.42114,0
0.42114,1
0.42114,0
0.42114,1
0.42145,0
0.42145,0
0.42145,0
0.42145,0
0.42145,0
0.42145,0
0.42145,1
0.42182,1
0.42222,0
0.42485,1
0.42498,0
0.42498,1
0.42534,0
0.42618,1
0.42618,1
0.4295,0
0.43002,0
0.43002,0
0.43002,0
0.43158,1
0.43177,0
0.43192,0
0.43266,1
0.43557,0
0.43565,0
0.43889,0
0.43889,0
0.43889,0
0.43889,0
0.43919,0
0.43923,0
0.4396,1
0.43992,1
0.44033,1
0.44033,0
0.44033,1
0.44033,1
0.44033,0
0.44033,0
0.44033,0
0.44033,1
0.44033,0
0.44033,0
0.44033,0
0.44033,1
0.44033,0
0.44033,1
0.44195,0
0.44195,0
0.44195,0
0.44303,1
0.44303,0
0.44393,0
0.44393,0
0.44393,0
0.44393,0
0.44393,1
0.44393,0
0.44393,1
0.44436,1
0.44436,0
0.44459,0
0.44493,1
0.44572,0
0.44599,0
0.44599,0
0.44599,0
0.44724,0
0.44781,1
0.44781,1
0.44843,0
0.4493,0
0.4493,0
0.4493,1
0.4498,1
0.4498,1
0.4498,1
0.4498,1
0.45152,1
0.45425,0
0.45535,1
0.45586,0
0.45605,1
0.45605,0
0.45605,1
0.45606,0
0.45697,0
0.45697,0
0.45748,1
0.45748,1
0.45748,1
0.45748,0
0.45748,0
0.45748,0
0.45748,0
0.45748,0
0.45748,0
0.45748,0
0.45748,0
0.45787,1
0.45873,1
0.45873,0
0.45873,1
0.45886,0
0.45886,1
0.45886,1
0.45886,0
0.45903,0
0.45968,0
0.46024,1
0.46024,0
0.46024,0
0.46161,0
0.462,1
0.462,0
0.462,0
0.46206,0
0.46296,1
0.46299,0
0.46562,0
0.46562,0
0.46562,0
0.46562,1
0.46562,1
0.46562,0
0.46562,0
0.46562,0
0.46562,1
0.46562,0
0.46562,0
0.46562,0
0.46562,1
0.46562,0
0.46562,1
0.46562,1
0.46562,0
0.46562,0
0.46562,0
0.46562,1
0.46562,0
0.46562,1
0.46562,0
0.46562,0
0.46562,1
0.46562,1
0.46562,1
0.46562,1
0.46562,0
0.46562,1
0.46562,1
0.46578,0
0.46578,0
0.46649,1
0.46652,1
0.467,0
0.467,1
0.467,0
0.46714,1
0.46714,0
0.46714,1
0.46714,0
0.46714,0
0.46838,1
0.46838,0
0.46838,1
0.46838,1
0.46838,1
0.46838,1
0.46893,0
0.46976,1
0.46976,0
0.46989,1
0.46989,1
0.46989,1
0.46989,0
0.46989,1
0.46989,0
0.46989,1
0.46989,0
0.46989,0
0.46989,0
0.46989,0
0.47114,1
0.47114,1
0.47284,1
0.47284,1
0.47284,1
0.47353,1
0.47353,1
0.47353,0
0.47353,0
0.47353,1
0.47353,1
0.47353,1
0.47353,1
0.47353,1
0.47353,0
0.47434,0
0.4757,0
0.4757,1
0.4757,1
0.47675,0
0.47675,0
0.47675,0
0.47698,0
0.47708,0
0.47823,0
0.47837,1
0.47837,0
0.47837,0
0.47986,0
0.47991,1
0.47996,0
0.48066,1
0.48066,0
0.48202,1
0.48202,0
0.48223,0
0.48379,0
0.48395,1
0.48395,1
0.48395,0
0.48395,0
0.48395,0
0.48395,1
0.48395,0
0.48395,1
0.48395,1
0.48395,1
0.48499,0
0.48499,0
0.48499,0
0.48508,0
0.48516,0
0.48516,0
0.48534,1
0.48534,1
0.48534,0
0.48534,0
0.48545,0
0.48555,0
0.48555,0
0.48559,0
0.48559,0
0.48559,1
0.486,1
0.486,1
0.486,1
0.486,1
0.486,1
0.486,0
0.486,0
0.486,1
0.486,0
0.486,1
0.486,1
0.486,1
0.48672,1
0.48672,1
0.48672,0
0.48692,0
0.48711,1
0.48711,0
0.48811,1
0.48811,1
0.48811,1
0.48811,0
0.48838,1
0.48884,0
0.48884,0
0.48916,1
0.48931,0
0.48931,0
0.48931,0
0.48931,0
0.4895,0
0.4895,1
0.49178,0
0.49227,0
0.49227,0
0.49252,0
0.49252,1
0.49303,0
0.49303,0
0.49303,0
0.49303,0
0.49326,1
0.4935,1
0.49383,1
0.49494,1
0.49494,0
0.49494,1
0.49494,1
0.49494,1
0.49494,0
0.495,1
0.49517,0
0.49562,0
0.49703,0
0.49703,1
0.49743,0
0.49743,0
0.49743,1
0.49766,0
0.49766,1
0.49766,1
0.49766,1
0.49766,1
0.49766,0
0.49766,0
0.49766,1
0.49766,1
0.49766,1
0.49766,1
0.49766,1
0.49766,0
0.49766,1
0.49766,1
0.49766,1
0.49766,1
0.49766,1
0.49766,1
0.49766,0
0.49766,0
0.49766,0
0.49766,0
0.49766,0
0.49766,1
0.49766,1
0.49766,1
0.49766,1
0.49766,1
0.49766,1
0.49766,1
0.49766,0
0.49766,1
0.49766,0
0.49766,0
0.49766,0
0.49766,0
0.49766,1
0.49766,1
0.49766,1
0.49766,1
0.49766,0
0.49766,0
0.49766,1
0.49945,0
0.49948,0
0.4996,0
0.4996,0
0.49995,1
0.49995,1
0.49995,0
0.49995,1
0.49995,0
0.49995,0
0.49995,1
0.5007,0
0.5007,1
0.50082,1
0.50292,1
0.50331,0
0.50331,1
0.50331,1
0.50331,1
0.50331,0
0.50331,1
0.50331,1
0.50331,1
0.50331,1
0.50334,0
0.50334,1
0.50354,1
0.5041,1
0.50425,0
0.50425,0
0.50703,1
0.50779,1
0.50779,0
0.50973,0
0.50973,1
0.50973,0
0.51017,0
0.5102,1
0.51054,0
0.51054,0
0.51054,0
0.51089,1
0.51182,0
0.51258,0
0.51258,0
0.51258,1
0.51258,0
0.51258,0
0.51258,1
0.51258,0
0.51421,1
0.51421,0
0.51421,0
0.51421,0
0.51421,1
0.5151,1
0.51556,0
0.51783,0
0.51827,1
0.51827,1
0.5193,1
0.51966,0
0.51966,1
0.51966,0
0.51972,0
0.51972,0
0.51977,0
0.51981,1
0.52034,1
0.52034,1
0.52049,0
0.52181,1
0.5239,0
0.5239,0
0.52413,1
0.52413,1
0.52413,1
0.52413,1
0.52413,0
0.52413,1
0.52413,0
0.52413,1
0.52413,0
0.52413,1
0.52446,0
0.52465,0
0.52688,1
0.53184,1
0.53275,0
0.53378,0
0.53378,0
0.53378,1
0.53378,1
0.53486,1
0.53558,1
0.53634,1
0.537,1
0.53757,0
0.53874,0
0.53979,0
0.53993,1
0.53993,0
0.53993,0
0.53993,0
0.53993,1
0.53993,0
0.53993,1
0.53993,0
0.53993,0
0.53993,0
0.53993,0
0.53993,1
0.53993,0
0.53993,1
0.53993,0
0.53993,0
0.53993,0
0.53993,0
0.53993,0
0.53993,0
0.53993,0
0.53993,0
0.53993,0
0.53993,1
0.54003,1
0.54003,0
0.54003,0
0.54003,1
0.54003,1
0.54042,0
0.5406,1
0.5406,0
0.54062,0
0.54117,1
0.54117,1
0.54117,1
0.54117,1
0.54154,0
0.54154,0
0.54154,1
0.54154,1
0.54154,1
0.54154,0
0.54154,0
0.54154,1
0.54178,0
0.54191,1
0.54191,1
0.54191,1
0.54208,1
0.54208,0
0.54264,0
0.54264,0
0.54287,0
0.5433,0
0.5433,0
0.5433,0
0.5433,0
0.5433,1
0.5433,1
0.54336,1
0.54336,1
0.54408,1
0.54448,0
0.54448,0
0.54448,1
0.54448,0
0.54448,1
0.54448,1
0.54448,1
0.54516,1
0.54548,0
0.54548,0
0.54577,1
0.54577,1
0.54577,1
0.54619,1
0.54759,0
0.54759,0
0.5482,0
0.54888,1
0.54888,1
0.54894,0
0.54982,1
0.55184,1
0.55368,1
0.55368,1
0.55368,0
0.55368,0
0.55368,0
0.55368,1
0.55368,0
0.55368,1
0.55368,1
0.55383,0
0.55383,1
0.55383,0
0.5552,1
0.5559,0
0.55709,1
0.55892,1
0.55892,1
0.55923,1
0.55985,0
0.55985,1
0.56035,1
0.56063,1
0.56063,0
0.56063,1
0.56063,0
0.56063,0
0.56063,1
0.56068,1
0.56083,0
0.56117,0
0.56149,1
0.56165,1
0.56309,1
0.56309,1
0.56347,0
0.56347,1
0.56409,1
0.56409,1
0.56409,1
0.56409,0
0.56409,0
0.56409,1
0.56532,1
0.5657,0
0.56704,1
0.56704,1
0.56704,1
0.56704,1
0.56704,0
0.569,1
0.56921,1
0.56944,1
0.56965,1
0.57096,1
0.57096,1
0.57096,1
0.57096,1
0.57096,1
0.57096,1
0.57096,0
0.57096,0
0.57096,1
0.57096,0
0.57228,1
0.57228,1
0.57228,0
0.57228,1
0.57228,0
0.57228,1
0.57228,1
0.57251,1
0.57437,1
0.57454,1
0.57454,1
0.57454,1
0.57454,1
0.57454,1
0.57454,0
0.57458,1
0.57504,1
0.5791,1
0.5791,0
0.5791,0
0.5791,1
0.5791,1
0.58099,1
0.58165,1
0.58165,1
0.58165,1
0.58183,1
0.58183,1
0.58327,0
0.58327,1
0.58327,1
0.58327,1
0.58327,0
0.58493,1
0.58702,1
0.58736,1
0.58736,1
0.58736,1
0.58736,0
0.58736,0
0.58736,1
0.58736,1
0.58736,1
0.58736,1
0.58736,0
0.58736,1
0.58951,0
0.5917,0
0.5917,0
0.59278,1
0.59402,1
0.59402,1
0.59402,1
0.59421,1
0.59421,1
0.59421,1
0.59421,1
0.5963,0
0.5963,0
0.5963,1
0.5963,0
0.5963,1
0.59754,0
0.59754,1
0.59778,1
0.59861,1
0.60058,0
0.60089,1
0.6018,1
0.60286,1
0.60339,1
0.60339,0
0.60339,1
0.60339,0
0.60339,1
0.60339,0
0.60339,1
0.60404,1
0.60474,1
0.60537,1
0.60537,1
0.60539,1
0.60551,1
0.6065,1
0.6065,0
0.6065,1
0.6065,1
0.60781,0
0.60794,0
0.60794,0
0.60808,0
0.60808,1
0.61023,1
0.615,1
0.615,1
0.615,1
0.615,1
0.61522,1
0.6156,0
0.6156,0
0.62029,1
0.62029,1
0.62035,1
0.62078,1
0.62096,1
0.62122,1
0.62122,1
0.62129,0
0.62142,1
0.62142,0
0.62142,1
0.62142,1
0.62142,1
0.62199,1
0.62199,0
0.62199,1
0.62199,1
0.62199,0
0.62199,0
0.62199,0
0.62367,1
0.62367,1
0.62367,1
0.62367,0
0.62367,1
0.62367,1
0.62367,1
0.62367,0
0.62367,1
0.62367,1
0.62367,1
0.62367,1
0.62367,1
0.62367,1
0.62367,1
0.62367,0
0.62367,1
0.62413,1
0.62413,1
0.62413,1
0.62413,1
0.62497,1
0.62497,1
0.62497,0
0.62497,1
0.62497,1
0.62497,1
0.62497,1
0.62497,0
0.62525,0
0.62567,1
0.62577,1
0.62577,1
0.62577,1
0.62607,1
0.62607,1
0.62607,0
0.62607,1
0.62607,0
0.62607,1
0.62607,0
0.62627,1
0.62627,1
0.62627,1
0.62675,1
0.62675,1
0.62675,1
0.62675,1
0.62675,1
0.62675,1
0.62675,1
0.62675,1
0.62675,1
0.62723,0
0.62723,1
0.62744,0
0.62756,1
0.62928,1
0.62962,0
0.62962,0
0.63177,0
0.63177,1
0.63177,1
0.63184,1
0.63184,0
0.63184,1
0.63184,0
0.63223,1
0.63322,1
0.63326,1
0.63336,1
0.63336,0
0.63341,0
0.63385,1
0.63385,1
0.63385,1
0.63385,1
0.63385,0
0.63385,1
0.63385,1
0.63385,1
0.63385,1
0.63385,0
0.63385,1
0.63385,1
0.63385,1
0.63385,1
0.63385,1
0.63385,1
0.63522,0
0.63822,1
0.63825,1
0.63872,1
0.63953,1
0.63953,1
0.63953,1
0.63953,1
0.63953,1
0.63953,1
0.63967,1
0.63986,1
0.64053,1
0.64053,1
0.64126,0
0.64126,0
0.64173,1
0.64277,1
0.64591,1
0.64591,1
0.64591,1
0.64591,1
0.64591,0
0.64591,0
0.64591,1
0.64591,1
0.64591,1
0.64591,1
0.64591,1
0.64591,1
0.64591,1
0.64591,0
0.64591,1
0.64591,1
0.64591,1
0.64591,0
0.64591,1
0.64591,0
0.64591,0
0.64591,0
0.64591,0
0.64591,0
0.64591,1
0.64591,0
0.64591,1
0.64591,1
0.64591,1
0.64591,1
0.64591,1
0.64591,1
0.64591,1
0.64591,0
0.64591,1
0.64591,1
0.64591,1
0.64591,1
0.64591,0
0.64591,0
0.64591,0
0.64591,1
0.64591,1
0.64591,1
0.64591,1
0.64591,1
0.64591,0
0.64591,1
0.64591,1
0.64591,1
0.64591,1
0.64591,0
0.64591,0
0.64591,0
0.64591,1
0.64591,0
0.64591,1
0.64591,1
0.64591,1
0.64591,1
0.64591,0
0.64591,0
0.64591,1
0.64591,1
0.64591,1
0.64591,0
0.64591,0
0.64591,0
0.64591,1
0.64591,1
0.64591,0
0.64591,1
0.64591,1
0.64591,1
0.64591,0
0.64591,1
0.64591,0
0.64591,0
0.64591,0
0.64591,0
0.64591,0
0.64591,1
0.64591,1
0.64591,1
0.64591,0
0.64591,0
0.64591,1
0.64591,1
0.64591,0
0.64591,0
0.64591,1
0.64591,1
0.64591,1
0.64591,0
0.64591,0
0.64591,0
0.64591,1
0.64591,0
0.64591,1
0.64591,1
0.64591,1
0.64591,1
0.64591,1
0.64591,1
0.64591,0
0.64591,0
0.64591,0
0.64591,1
0.64591,1
0.64591,0
0.64591,1
0.64591,0
0.64591,1
0.64591,0
0.64591,1
0.64591,0
0.64591,1
0.64591,0
0.64591,1
0.64591,1
0.64591,0
0.64591,1
0.64591,1
0.64591,1
0.64591,1
0.64591,1
0.64591,0
0.64591,1
0.64591,0
0.64591,1
0.64591,0
0.64591,1
0.64591,0
0.64591,1
0.64591,0
0.64591,1
0.64591,1
0.64591,1
0.64591,0
0.64591,1
0.64591,0
0.64591,1
0.64591,1
0.64591,0
0.64591,0
0.64591,0
0.64591,1
0.64591,1
0.64591,1
0.64591,1
0.64591,0
0.64591,1
0.64591,1
0.64591,1
0.64591,1
0.64591,1
0.64591,1
0.64591,0
0.64591,1
0.64591,0
0.64591,1
0.64591,0
0.64591,0
0.64591,0
0.64591,1
0.64591,1
0.64591,0
0.64591,1
0.64591,1
0.64591,1
0.64591,0
0.64591,1
0.64591,1
0.64591,0
0.64591,0
0.64591,1
0.64591,1
0.64591,0
0.64591,0
0.64591,1
0.64591,1
0.64591,1
0.64591,1
0.64591,0
0.64591,1
0.64591,1
0.64591,1
0.64591,0
0.64591,1
0.64591,1
0.64591,1
0.64591,1
0.64591,1
0.64591,1
0.64591,1
0.64591,1
0.64591,0
0.64591,1
0.64591,0
0.64591,1
0.64591,1
0.64591,1
0.64591,1
0.64591,1
0.64591,1
0.64591,0
0.64591,1
0.64591,0
0.64591,0
0.64591,1
0.64591,1
0.64591,1
0.64591,1
0.64591,1
0.64591,1
0.64591,0
0.64591,1
0.64591,0
0.64591,1
0.64591,0
0.64591,1
0.64591,1
0.64591,0
0.64591,1
0.64591,0
0.64591,1
0.64591,1
0.64591,1
0.64591,0
0.64591,1
0.64591,1
0.64591,0
0.64591,1
0.64591,1
0.64591,0
0.64591,1
0.64591,1
0.64591,1
0.64591,1
0.64591,1
0.64591,1
0.64591,1
0.64591,1
0.64591,1
0.64591,0
0.64591,1
0.64591,1
0.64591,0
0.64591,0
0.64591,1
0.64591,1
0.64591,1
0.64591,1
0.64591,1
0.64591,0
0.64591,0
0.64591,0
0.64634,1
0.64634,1
0.64862,0
0.64905,1
0.64905,0
0.64905,0
0.64905,1
0.64905,1
0.64905,0
0.64905,1
0.64905,1
0.64905,1
0.64929,1
0.64991,1
0.65115,1
0.65115,1
0.65115,1
0.65115,1
0.65115,1
0.65115,1
0.65177,1
0.65177,1
0.65177,1
0.65177,1
0.65196,1
0.65355,0
0.65515,1
0.65595,1
0.65607,1
0.6573,1
0.6573,1
0.65757,1
0.66011,1
0.66044,0
0.66169,1
0.66285,1
0.6636,1
0.66386,1
0.66392,1
0.66392,1
0.66392,1
0.66392,1
0.66412,1
0.66453,1
0.66453,1
0.66453,1
0.66453,1
0.66453,1
0.66453,1
0.66453,1
0.66453,1
0.66699,1
0.67005,0
0.67005,0
0.67214,1
0.67288,1
0.67317,1
0.67339,0
0.67352,1
0.67361,1
0.67372,1
0.67547,1
0.6777,1
0.6798,1
0.6798,0
0.68148,1
0.68202,0
0.68202,0
0.68202,1
0.6831,1
0.6839,1
0.68734,1
0.6874,0
0.68745,1
0.68877,1
0.68877,1
0.68898,1
0.69111,1
0.69195,1
0.69206,0
0.69228,0
0.69509,1
0.69509,1
0.69509,0
0.69852,1
0.69855,1
0.69855,1
0.69855,1
0.70032,1
0.70049,1
0.70188,1
0.70188,1
0.70328,1
0.70466,1
0.70472,1
0.70501,0
0.70501,0
0.70543,1
0.70557,1
0.70611,0
0.70621,1
0.70621,0
0.70621,1
0.70621,1
0.70718,1
0.70718,0
0.70718,1
0.70718,1
0.70879,1
0.70879,1
0.70879,1
0.70926,1
0.70941,1
0.70941,1
0.71012,1
0.71199,1
0.71317,1
0.71406,1
0.71406,1
0.71406,1
0.71429,0
0.71429,1
0.71459,1
0.71459,1
0.71459,1
0.71654,1
0.71654,1
0.71784,1
0.71784,1
0.71784,1
0.71784,1
0.71994,1
0.72075,1
0.72129,1
0.72153,0
0.72173,1
0.72173,1
0.72186,1
0.72231,0
0.72286,1
0.72286,1
0.72435,1
0.72453,1
0.72453,1
0.72523,1
0.72562,1
0.72667,0
0.72831,1
0.72856,1
0.72856,1
0.72856,1
0.72856,1
0.73103,1
0.73207,1
0.73382,1
0.73382,1
0.73728,1
0.73737,1
0.73737,1
0.73737,0
0.73737,1
0.73759,1
0.73768,1
0.73846,1
0.73885,1
0.73885,1
0.73885,0
0.73953,0
0.73953,1
0.73953,1
0.73953,0
0.73953,0
0.73953,1
0.73953,1
0.73953,1
0.73953,0
0.73953,1
0.73953,0
0.73953,0
0.73953,1
0.73953,1
0.73953,1
0.73953,1
0.73953,0
0.73953,0
0.73953,1
0.73953,0
0.73953,1
0.73953,1
0.73953,1
0.73953,1
0.73953,1
0.73953,1
0.73953,1
0.73953,0
0.73953,1
0.73953,1
0.73953,1
0.73953,0
0.73953,1
0.73953,1
0.73953,1
0.73953,1
0.73953,1
0.73953,1
0.73953,1
0.73953,0
0.73953,0
0.73953,1
0.73953,1
0.73953,1
0.73953,1
0.73953,1
0.73953,0
0.73953,1
0.73953,1
0.73953,1
0.73953,1
0.73953,1
0.73953,1
0.73953,1
0.73953,1
0.73953,1
0.73953,0
0.73953,0
0.73953,1
0.73953,1
0.73953,0
0.73953,1
0.73953,1
0.73953,0
0.73953,1
0.73953,1
0.73953,0
0.73953,0
0.73953,0
0.73953,0
0.73953,1
0.73953,0
0.73953,1
0.73953,1
0.73953,1
0.73953,1
0.73953,1
0.73953,1
0.73953,1
0.73953,0
0.73953,1
0.73953,1
0.73953,1
0.73953,0
0.73953,1
0.73953,1
0.73953,1
0.73953,1
0.73953,0
0.73953,1
0.73953,1
0.73953,1
0.73953,0
0.73953,1
0.73953,1
0.73953,1
0.73953,1
0.73993,1
0.74081,1
0.74081,1
0.7433,1
0.74332,1
0.74414,1
0.74436,1
0.74436,1
0.74465,1
0.74473,1
0.74474,1
0.74474,1
0.74797,0
0.74797,1
0.74867,1
0.74959,1
0.75158,1
0.75158,1
0.75158,1
0.75158,1
0.75204,1
0.75204,1
0.75204,1
0.75204,1
0.75204,1
0.75204,1
0.75204,1
0.75233,1
0.75313,1
0.75313,1
0.75391,1
0.75531,1
0.75651,1
0.75651,1
0.7584,1
0.75875,1
0.75915,0
0.75915,1
0.76006,1
0.76016,1
0.76016,1
0.76106,1
0.76171,1
0.76171,1
0.76259,1
0.76319,1
0.76506,1
0.76695,1
0.76808,1
0.76808,1
0.76808,1
0.76808,1
0.77021,1
0.77021,1
0.77021,1
0.77021,0
0.77021,0
0.77083,1
0.77083,1
0.77083,1
0.77083,1
0.77083,1
0.77083,0
0.77083,1
0.77083,1
0.77083,1
0.77083,1
0.77083,1
0.77083,1
0.77083,1
0.77083,1
0.77083,1
0.77083,0
0.77083,1
0.77083,0
0.77083,1
0.77083,1
0.77083,1
0.77083,1
0.77083,1
0.77083,1
0.77083,1
0.77083,1
0.77083,1
0.77083,1
0.77083,1
0.77083,1
0.77083,1
0.77083,1
0.77083,1
0.77083,1
0.77083,1
0.77083,1
0.77083,1
0.77083,1
0.77083,1
0.77083,1
0.77083,1
0.77083,1
0.77083,1
0.77083,0
0.77083,1
0.77083,1
0.77083,1
0.77083,0
0.77083,1
0.77083,1
0.77083,1
0.77083,1
0.77083,0
0.77083,1
0.77083,1
0.77083,1
0.77083,1
0.77083,0
0.77083,1
0.77083,1
0.77083,1
0.77083,1
0.77083,1
0.77083,1
0.77083,1
0.77083,1
0.77083,1
0.77083,1
0.77083,0
0.77083,1
0.77083,1
0.77083,1
0.77083,1
0.77083,1
0.77083,0
0.77083,1
0.77083,1
0.77083,1
0.77083,1
0.77083,1
0.77083,0
0.77091,1
0.77142,1
0.77223,0
0.77236,1
0.77236,1
0.77236,1
0.77256,0
0.77592,1
0.77688,1
0.77717,1
0.77717,1
0.77822,1
0.77948,1
0.77948,1
0.77948,1
0.78112,1
0.78112,1
0.78209,1
0.78264,1
0.78294,1
0.78297,1
0.78297,1
0.78389,1
0.78389,1
0.78389,1
0.78389,1
0.78423,1
0.78493,0
0.78634,1
0.78689,0
0.78847,1
0.78902,0
0.78902,1
0.78963,1
0.78963,1
0.78963,1
0.78963,0
0.78963,0
0.79023,1
0.79023,1
0.79023,0
0.79023,0
0.79023,1
0.79084,1
0.79084,0
0.79084,1
0.79084,1
0.79084,1
0.79084,0
0.79084,1
0.79084,1
0.79084,1
0.79084,1
0.79084,1
0.79507,1
0.79507,1
0.79573,0
0.79614,0
0.79633,1
0.79633,1
0.79993,1
0.80217,1
0.80217,0
0.80217,1
0.80217,1
0.80217,1
0.80217,1
0.80217,1
0.8023,1
0.8023,0
0.8023,1
0.80279,1
0.80459,1
0.80471,1
0.80483,1
0.80483,1
0.80519,1
0.80519,1
0.80519,1
0.80519,0
0.80519,1
0.80519,1
0.80519,1
0.80519,0
0.80519,0
0.80519,1
0.80519,1
0.80519,1
0.80519,1
0.80519,1
0.80519,1
0.80519,1
0.80519,1
0.80519,1
0.80519,1
0.80519,0
0.80519,0
0.80519,1
0.80519,1
0.80519,0
0.80519,1
0.80519,1
0.80519,1
0.80519,0
0.80519,1
0.80519,1
0.80519,1
0.80519,1
0.80519,1
0.80519,1
0.80519,1
0.80519,1
0.80519,1
0.80519,1
0.80519,0
0.80519,1
0.80519,1
0.80519,1
0.80519,1
0.80519,1
0.80519,1
0.80519,1
0.80519,1
0.80519,1
0.80519,1
0.80519,1
0.80519,1
0.80519,1
0.80519,1
0.80519,1
0.80519,1
0.80519,0
0.80519,1
0.80519,0
0.80519,1
0.80519,0
0.80519,0
0.80519,1
0.80519,1
0.80519,0
0.80519,0
0.80519,1
0.80519,1
0.80519,1
0.80519,1
0.80519,1
0.80519,1
0.80519,0
0.80519,1
0.80519,1
0.80519,1
0.80519,1
0.80519,1
0.80644,1
0.80883,1
0.81092,1
0.81092,1
0.81092,1
0.81092,1
0.81092,0
0.81092,1
0.81092,1
0.81096,0
0.81096,1
0.81096,1
0.81256,1
0.81286,1
0.81286,1
0.81483,1
0.81539,1
0.81831,1
0.81886,1
0.81886,1
0.81886,1
0.81931,0
0.8194,0
0.8194,1
0.8194,1
0.8194,1
0.8194,0
0.8194,1
0.8194,1
0.8194,1
0.8194,1
0.8194,1
0.8194,1
0.81993,1
0.81993,1
0.81993,1
0.81993,1
0.81993,1
0.81993,1
0.81993,1
0.81993,1
0.81993,1
0.81993,1
0.81993,1
0.81993,1
0.81993,1
0.81993,1
0.81993,1
0.81993,1
0.81993,1
0.81993,1
0.81993,1
0.81993,1
0.81993,0
0.81993,1
0.81993,1
0.81993,1
0.81993,1
0.81993,1
0.81993,1
0.81993,1
0.81993,0
0.81993,1
0.81993,1
0.81993,1
0.82098,1
0.82098,1
0.82513,1
0.82513,1
0.82513,1
0.82585,1
0.82719,1
0.83041,1
0.83192,1
0.83192,1
0.83554,1
0.83554,1
0.83554,1
0.83554,1
0.83587,1
0.83593,1
0.83593,1
0.83622,1
0.83794,1
0.83829,1
0.84146,1
0.84198,1
0.84334,1
0.8437,1
0.8437,1
0.84406,1
0.84531,1
0.84658,1
0.84674,1
0.84699,1
0.84915,1
0.84915,1
0.84969,1
0.8508,1
0.8527,1
0.85395,1
0.85395,0
0.85395,1
0.85395,1
0.85395,1
0.85395,1
0.85395,1
0.85402,1
0.85558,1
0.85558,1
0.85568,1
0.85645,1
0.8566,1
0.85683,1
0.85766,1
0.85799,1
0.85845,1
0.86056,1
0.86056,0
0.86064,0
0.86154,1
0.86154,1
0.86154,1
0.86154,1
0.86154,1
0.86154,1
0.86154,1
0.86154,1
0.86154,0
0.86154,1
0.86176,1
0.86423,1
0.86674,0
0.86674,1
0.86688,1
0.86703,1
0.8672,1
0.86788,1
0.87014,1
0.87014,1
0.87059,1
0.8708,1
0.8708,1
0.8708,1
0.8709,1
0.8709,1
0.8709,1
0.8709,1
0.8709,1
0.87147,1
0.87214,1
0.87214,1
0.87214,1
0.87214,1
0.87214,1
0.87258,1
0.8737,1
0.87388,1
0.8747,1
0.88018,1
0.88082,1
0.88082,1
0.88339,1
0.88415,1
0.88817,1
0.88817,1
0.88918,1
0.88918,1
0.88918,1
0.89131,1
0.89131,1
0.89167,1
0.89199,1
0.89199,1
0.89199,1
0.89199,1
0.89235,1
0.89383,1
0.89455,1
0.89464,1
0.89518,1
0.89541,1
0.8967,1
0.8967,1
0.89769,1
0.89894,1
0.90028,0
0.90028,1
0.90055,1
0.90055,1
0.90055,1
0.90055,1
0.90207,1
0.90207,1
0.90207,1
0.90207,1
0.90266,1
0.90266,1
0.90266,1
0.90266,1
0.90266,1
0.90266,1
0.90266,1
0.90266,1
0.90266,1
0.90266,1
0.90352,0
0.90391,1
0.90583,1
0.90701,1
0.90882,1
0.90882,1
0.90982,1
0.90982,1
0.91012,1
0.9104,1
0.9104,1
0.9104,1
0.9104,1
0.91186,1
0.91369,1
0.91369,1
0.91369,1
0.91369,1
0.91778,1
0.91852,1
0.91885,1
0.91885,1
0.91893,1
0.91978,1
0.91978,1
0.92213,1
0.92213,1
0.92387,1
0.92492,1
0.92515,1
0.92826,1
0.93306,1
0.93306,1
0.93306,1
0.93306,1
0.93306,1
0.93313,1
0.93455,1
0.93634,1
0.93704,1
0.93704,1
0.93845,1
0.94004,1
0.9403,0
0.94068,1
0.94202,1
0.94202,1
0.94305,1
0.94819,1
0.94819,1
0.94819,1
0.94861,1
0.94936,1
0.95181,1
0.95556,1
0.95556,1
0.95556,1
0.95556,1
0.95556,1
0.95556,1
0.95556,1
0.95556,1
0.95556,1
0.95556,0
0.95556,1
0.95556,1
0.95556,1
0.95556,1
0.95556,1
0.95556,1
0.95556,1
0.95556,1
0.95556,1
0.95556,1
0.95556,1
0.95556,1
0.95556,1
0.95556,1
0.95556,1
0.95556,1
0.95556,1
0.95556,1
0.95556,1
0.95556,1
0.95556,1
0.95556,1
0.95556,1
0.95556,1
0.95556,1
0.95556,1
0.95556,1
0.95556,1
0.95556,1
0.95556,1
0.95556,0
0.95556,1
0.95556,1
0.95556,1
0.95556,1
0.95924,1
0.95931,1
0.96017,1
0.96034,1
0.96041,1
0.96041,1
0.96041,1
0.9605,1
0.96102,1
0.96102,1
0.96181,1
0.96275,1
0.96361,1
0.96383,1
0.96383,1
0.96383,1
0.96469,1
0.96822,1
0.96828,0
0.96828,1
0.96828,1
0.96828,1
0.96828,1
0.96828,1
0.96828,1
0.97073,1
0.97112,1
0.97113,1
0.97539,1
0.97804,1
0.97804,1
0.98078,1
0.98078,1
0.98081,1
0.98084,1
0.98084,1
0.98084,1
0.98087,1
0.98114,1
0.98209,1
0.98209,1
0.98209,1
0.98209,1
0.98629,1
0.98629,1
0.98629,1
0.98629,1
0.98812,1
0.98812,1
0.99162,1
