1	58	4	-1	1346804724
1	58	6	1	1346804805
1	58	17	1	1346804723
1	58	18	-1	1346804614
1	28	1	1	1346804568
1	28	4	-1	1346804754
1	28	6	1	1346804816
1	28	17	1	1346804731
1	28	18	1	1346804623
1	28	19	1	1346762306
1	68	2	1	1346804470
1	68	4	1	1346804730
1	68	6	1	1346804804
1	68	17	-1	1346804718
1	68	18	1	1346804697
1	68	19	1	1346804764
1	44	4	1	1346804752
1	44	6	1	1346804849
1	44	17	1	1346804730
1	44	18	1	1346804686
1	11	4	-1	1346804755
1	11	6	-1	1346804812
1	11	17	-1	1346804737
1	11	18	-1	1346804651
1	70	4	1	1346804747
1	70	6	-1	1346804802
1	70	17	1	1346804677
1	70	18	-1	1346804570
2	33	8	-1	1346804584
2	33	14	1	1346804598
2	33	16	1	1346804653
2	50	14	-1	1346804604
2	50	16	1	1346804665
2	76	8	-1	1346804661
2	76	14	-1	1346804648
2	76	16	1	1346804652
2	37	8	1	1346804709
2	37	14	-1	1346804644
2	37	16	-1	1346804647
2	68	8	-1	1346804589
2	68	14	1	1346804640
2	68	16	-1	1346804672
2	20	8	1	1346804687
2	20	14	-1	1346804629
2	20	16	1	1346804662
3	6	7	-1	1346804684
3	6	12	-1	1346804670
3	15	7	-1	1346804597
3	15	12	-1	1346804634
3	38	7	-1	1346804606
3	38	10	1	1346804737
3	38	12	1	1346804772
3	18	7	1	1346804591
3	18	10	-1	1346804710
3	18	12	1	1346804676
3	68	7	-1	1346804606
3	68	12	1	1346804755
3	24	7	1	1346804594
3	24	10	1	1346804714
3	24	12	-1	1346804721
4	73	5	-1	1346804593
4	73	13	1	1346804685
4	29	5	1	1346804585
4	29	13	-1	1346804785
4	34	5	-1	1346804595
4	34	13	1	1346804689
4	69	5	1	1346804584
4	69	13	-1	1346804782
4	68	5	1	1346804749
4	68	13	1	1346804690
4	25	5	-1	1346804594
4	25	13	-1	1346804772
5	15	3	1	1346804738
5	15	9	1	1346804714
5	74	9	-1	1346804674
5	10	9	-1	1346804673
5	17	9	1	1346804712
5	16	9	-1	1346804665
5	47	9	-1	1346804567
6	5	1	1	1346805049
6	5	2	1	1346804926
6	5	4	1	1346804813
6	5	6	1	1346804948
6	5	12	-1	1346804873
6	5	14	1	1346805096
6	67	4	-1	1346804832
6	67	6	-1	1346804938
6	67	12	-1	1346804836
6	67	14	1	1346804984
6	63	4	1	1346804830
6	63	6	-1	1346804945
6	63	12	-1	1346804852
6	63	14	-1	1346805095
6	62	4	-1	1346804825
6	62	6	-1	1346804942
6	62	12	-1	1346804837
6	62	14	-1	1346804987
6	36	2	1	1346805118
6	36	4	-1	1346804802
6	36	6	1	1346804952
6	36	12	1	1346804897
6	36	14	1	1346805110
6	71	4	-1	1346804804
6	71	6	-1	1346804950
6	71	12	1	1346804885
6	71	14	-1	1346805097
7	33	8	-1	1346804736
7	33	13	-1	1346805100
7	62	8	-1	1346804740
7	62	13	-1	1346805103
7	17	8	-1	1346804780
7	17	13	-1	1346805098
7	9	8	-1	1346804752
7	9	13	1	1346805054
7	44	8	1	1346804773
7	44	13	1	1346805097
7	70	8	-1	1346804792
7	70	13	-1	1346805136
8	72	9	-1	1346804850
8	72	10	-1	1346804495
8	72	18	-1	1346804802
8	62	9	-1	1346804866
8	62	18	-1	1346804841
8	16	9	-1	1346804857
8	16	10	-1	1346804491
8	16	18	-1	1346804830
8	69	9	-1	1346804853
8	69	10	1	1346804468
8	69	18	1	1346804808
8	41	9	1	1346804869
8	41	10	1	1346804480
8	41	18	1	1346804867
8	48	3	1	1346804943
8	48	9	1	1346804758
8	48	18	1	1346804785
9	29	5	1	1346805161
9	29	19	1	1346804816
9	10	5	-1	1346806282
9	10	19	1	1346805186
9	62	5	-1	1346806289
9	2	5	1	1346804898
9	2	19	1	1346805219
9	34	5	1	1346804847
9	34	19	1	1346805182
9	35	5	-1	1346806285
9	35	19	-1	1346805189
9	11	5	1	1346804957
9	11	19	-1	1346805227
10	30	7	-1	1346804793
10	30	17	1	1346804797
10	31	7	-1	1346804794
10	31	17	1	1346804822
10	69	7	-1	1346804766
10	69	17	-1	1346804763
10	14	7	-1	1346804799
10	14	17	1	1346804774
10	43	7	1	1346804797
10	43	17	-1	1346804832
10	20	7	1	1346804801
10	20	17	1	1346804765
11	12	4	1	1346804873
11	12	6	1	1346805002
11	12	8	-1	1346804948
11	12	13	-1	1346805280
11	8	4	1	1346804893
11	8	6	1	1346805009
11	8	8	-1	1346804918
11	8	13	1	1346805187
11	18	1	1	1346805174
11	18	2	1	1346805191
11	18	4	1	1346804869
11	18	6	1	1346804996
11	18	8	1	1346804919
11	18	13	1	1346805274
11	57	4	-1	1346804896
11	57	6	-1	1346805013
11	57	8	-1	1346804914
11	57	13	-1	1346805330
11	37	4	-1	1346804901
11	37	6	-1	1346805085
11	37	8	-1	1346804912
11	37	10	1	1346804947
11	37	13	-1	1346805354
11	52	4	-1	1346804888
11	52	6	-1	1346805004
11	52	8	-1	1346804964
11	52	10	1	1346804970
11	52	13	1	1346805210
12	5	5	1	1346805353
12	5	9	1	1346804897
12	5	16	1	1346805455
12	30	5	-1	1346805337
12	30	9	1	1346804901
12	30	16	1	1346805463
12	67	5	1	1346805367
12	67	9	1	1346804906
12	67	16	1	1346805476
12	17	5	-1	1346805363
12	17	9	1	1346804902
12	17	16	1	1346805469
12	28	5	1	1346805332
12	28	9	1	1346804894
12	28	16	-1	1346805451
12	52	5	1	1346805384
12	52	9	1	1346804928
12	52	16	-1	1346805483
13	6	7	1	1346805326
13	6	12	-1	1346805524
13	6	17	1	1346805010
13	5	7	-1	1346805336
13	5	12	-1	1346805333
13	5	17	-1	1346805052
13	29	7	1	1346805345
13	29	12	1	1346805514
13	29	17	1	1346805009
13	68	7	-1	1346805335
13	68	12	1	1346804969
13	68	17	-1	1346805017
13	24	7	1	1346805331
13	24	12	-1	1346804993
13	24	17	1	1346805014
13	4	3	1	1346805207
13	4	7	-1	1346805338
13	4	12	-1	1346805419
13	4	17	1	1346805054
14	64	14	1	1346805148
14	64	19	1	1346805381
14	31	14	1	1346805180
14	29	14	-1	1346805185
14	17	14	1	1346805199
14	44	14	-1	1346805163
14	43	14	-1	1346805161
14	43	19	1	1346805373
15	79	15	1	1346809301
15	79	18	-1	1346805093
15	32	15	-1	1346809365
15	32	18	1	1346805189
15	19	15	-1	1346809338
15	19	18	1	1346805155
15	55	15	1	1346809313
15	55	18	1	1346805082
15	61	15	-1	1346809333
15	61	18	-1	1346805141
15	48	15	1	1346809305
15	48	18	1	1346805174
16	67	5	1	1346805265
16	67	7	-1	1346804914
16	67	9	1	1346804968
16	67	17	1	1346805121
16	72	1	-1	1346805502
16	72	5	1	1346805270
16	72	7	-1	1346804923
16	72	9	-1	1346804952
16	72	17	-1	1346805112
16	25	5	-1	1346805261
16	25	7	-1	1346804910
16	25	9	-1	1346804956
16	25	17	1	1346805115
16	14	5	-1	1346805298
16	14	7	-1	1346804919
16	14	9	1	1346804949
16	14	17	-1	1346805094
16	20	1	1	1346805332
16	20	5	1	1346805282
16	20	7	1	1346804931
16	20	9	1	1346804946
16	20	17	1	1346805086
16	4	5	1	1346805267
16	4	7	-1	1346804914
16	4	9	-1	1346804961
16	4	17	1	1346805122
17	73	4	-1	1346805343
17	73	14	-1	1346805395
17	73	16	-1	1346805375
17	40	3	1	1346805328
17	40	4	1	1346805317
17	40	14	1	1346805333
17	40	16	1	1346805362
17	57	3	-1	1346805320
17	57	4	-1	1346805320
17	57	14	1	1346805272
17	57	16	1	1346805360
17	16	4	1	1346805346
17	16	14	1	1346805373
17	16	16	1	1346805366
17	59	4	1	1346805359
17	59	14	1	1346805383
17	59	16	-1	1346805369
17	20	3	1	1346805326
17	20	4	-1	1346805334
17	20	14	-1	1346805405
17	20	16	-1	1346805380
18	50	6	1	1346805182
18	50	8	1	1346805041
18	50	18	1	1346805365
18	40	2	1	1346805341
18	40	6	1	1346805265
18	40	8	1	1346805038
18	40	18	1	1346805346
18	32	6	-1	1346805110
18	32	8	1	1346805060
18	32	18	-1	1346805239
18	39	6	-1	1346805311
18	39	8	-1	1346805065
18	39	18	-1	1346805277
18	35	6	-1	1346805116
18	35	8	1	1346805049
18	35	18	1	1346805295
18	56	6	1	1346805225
18	56	8	1	1346805077
18	56	18	-1	1346805319
19	32	10	1	1346805019
19	32	12	-1	1346805209
19	76	12	-1	1346805198
19	29	12	-1	1346805206
19	9	10	1	1346805049
19	9	12	-1	1346805196
19	59	12	1	1346805203
19	71	10	1	1346805079
19	71	12	1	1346805199
20	6	11	1	1346808477
20	6	13	1	1346805381
20	33	11	1	1346808428
20	33	13	-1	1346805389
20	31	11	1	1346808448
20	31	13	1	1346805388
20	63	11	1	1346808459
20	63	13	-1	1346805435
20	27	11	-1	1346808408
20	27	13	-1	1346805384
20	55	11	-1	1346808413
20	55	13	-1	1346805450
21	79	2	1	1346805407
21	79	12	-1	1346805635
21	79	14	1	1346805476
21	79	18	-1	1346805437
21	73	12	-1	1346805623
21	73	14	-1	1346805482
21	73	16	-1	1346805551
21	73	18	-1	1346805469
21	50	1	1	1346805626
21	50	12	-1	1346805604
21	50	14	-1	1346805485
21	50	16	1	1346805553
21	50	18	-1	1346805480
21	12	12	-1	1346805600
21	12	14	-1	1346805474
21	12	16	1	1346805547
21	12	18	-1	1346805427
21	15	1	1	1346805604
21	15	12	-1	1346805584
21	15	14	1	1346805469
21	15	16	1	1346805533
21	15	18	1	1346805407
21	22	1	1	1346805597
21	22	12	1	1346805570
21	22	14	1	1346805472
21	22	16	1	1346805537
21	22	18	1	1346805419
22	64	4	-1	1346804994
22	64	5	-1	1346805447
22	64	6	1	1346805405
22	64	8	-1	1346805189
22	15	4	1	1346804980
22	15	5	1	1346805496
22	15	6	-1	1346805558
22	15	8	-1	1346805198
22	5	4	1	1346804983
22	5	5	1	1346805482
22	5	6	-1	1346805487
22	5	8	-1	1346805177
22	18	4	-1	1346804990
22	18	5	-1	1346805479
22	18	6	1	1346805471
22	18	8	1	1346805173
22	58	4	-1	1346804995
22	58	5	-1	1346805474
22	58	6	-1	1346805402
22	58	8	-1	1346805184
22	26	4	-1	1346804992
22	26	5	-1	1346805445
22	26	6	1	1346805469
22	26	8	-1	1346805191
23	64	9	1	1346805082
23	64	13	1	1346805485
23	64	17	1	1346805505
23	21	9	1	1346805084
23	21	13	1	1346805512
23	21	17	-1	1346805513
23	14	9	-1	1346805091
23	14	13	-1	1346805480
23	14	17	1	1346805477
23	55	9	1	1346804986
23	55	13	1	1346805483
23	55	17	1	1346805471
23	48	9	1	1346805082
23	48	13	1	1346805479
23	48	17	1	1346805497
23	54	9	1	1346805050
23	54	13	1	1346805476
23	54	17	-1	1346805473
24	38	10	1	1346805136
24	38	19	1	1346805484
24	18	10	-1	1346805139
24	17	19	1	1346805477
24	55	10	1	1346805141
25	6	15	1	1346809601
25	39	7	1	1346804988
25	39	15	1	1346809540
25	68	15	-1	1346809545
25	41	7	-1	1346804976
25	41	15	-1	1346809541
25	70	15	-1	1346809573
26	21	4	1	1346805062
26	21	6	1	1346805663
26	21	8	1	1346805238
26	21	13	1	1346805550
26	21	17	-1	1346805540
26	5	4	1	1346805073
26	5	6	-1	1346805611
26	5	8	-1	1346805225
26	5	13	1	1346805590
26	5	17	1	1346805539
26	51	4	-1	1346805077
26	51	6	1	1346805604
26	51	8	-1	1346805219
26	51	10	1	1346805238
26	51	13	-1	1346805583
26	51	17	1	1346805534
26	72	1	1	1346805759
26	72	4	-1	1346805078
26	72	6	-1	1346805602
26	72	8	-1	1346805222
26	72	13	1	1346805584
26	72	17	1	1346805531
26	27	4	-1	1346805075
26	27	6	1	1346805609
26	27	8	1	1346805214
26	27	13	-1	1346805542
26	27	17	1	1346805536
26	34	4	1	1346805063
26	34	6	-1	1346805645
26	34	8	-1	1346805217
26	34	10	1	1346805236
26	34	13	1	1346805541
26	34	17	-1	1346805535
27	40	9	-1	1346805156
27	40	14	1	1346805566
27	8	9	-1	1346805127
27	8	14	-1	1346805520
27	74	9	-1	1346805139
27	74	14	1	1346805560
27	72	9	-1	1346805164
27	72	14	1	1346805582
27	9	9	1	1346805127
27	9	14	-1	1346805538
27	11	9	-1	1346805135
27	11	14	-1	1346805547
28	6	7	-1	1346806031
28	6	16	1	1346805577
28	33	7	-1	1346806029
28	33	16	1	1346805592
28	7	2	1	1346805601
28	7	7	1	1346806026
28	7	16	1	1346805598
28	9	2	1	1346805587
28	9	3	-1	1346805541
28	9	7	-1	1346806028
28	9	16	-1	1346805595
28	22	3	1	1346805504
28	22	16	1	1346805589
28	44	3	1	1346805475
28	44	7	-1	1346806014
28	44	16	1	1346805586
29	6	19	-1	1346805648
29	38	12	1	1346805703
29	38	19	1	1346805642
29	74	12	-1	1346805700
29	47	12	1	1346805675
29	59	12	1	1346805725
29	22	12	1	1346805705
29	22	19	1	1346805641
29	55	19	-1	1346805652
29	3	19	-1	1346805662
30	32	11	1	1346808631
30	32	18	-1	1346805700
30	39	11	1	1346808641
30	39	18	-1	1346805726
30	19	11	-1	1346808616
30	19	18	-1	1346805643
30	56	11	1	1346808627
30	56	18	-1	1346805663
30	61	11	-1	1346808638
30	61	18	-1	1346805717
30	54	11	-1	1346808612
30	54	18	1	1346805562
31	12	1	1	1346806005
31	12	5	1	1346805527
31	12	9	1	1346805190
31	40	5	1	1346805553
31	40	9	-1	1346805210
31	7	1	1	1346805912
31	7	5	1	1346805556
31	7	9	1	1346805207
31	10	5	-1	1346805539
31	10	9	-1	1346805192
31	2	5	1	1346805541
31	2	7	1	1346805279
31	2	9	-1	1346805197
31	41	5	-1	1346805548
31	41	9	1	1346805199
32	64	4	1	1346805138
32	64	14	-1	1346805623
32	64	16	1	1346805637
32	12	4	1	1346805150
32	12	14	-1	1346805621
32	12	16	1	1346805639
32	65	4	1	1346805151
32	65	14	-1	1346805613
32	65	16	1	1346805629
32	78	4	1	1346805146
32	78	14	-1	1346805622
32	78	16	1	1346805632
32	46	4	-1	1346805143
32	46	14	-1	1346805627
32	46	16	1	1346805623
32	37	4	-1	1346805144
32	37	14	-1	1346805626
32	37	16	-1	1346805625
33	51	6	1	1346805745
33	51	8	-1	1346805629
33	51	17	-1	1346805561
33	51	18	-1	1346805851
33	39	6	-1	1346805724
33	39	8	-1	1346805627
33	39	17	1	1346805557
33	39	18	-1	1346805815
33	28	6	1	1346805776
33	28	8	1	1346805634
33	28	17	1	1346805571
33	28	18	1	1346805887
33	37	6	1	1346805753
33	37	8	-1	1346805633
33	37	17	1	1346805570
33	37	18	-1	1346805884
33	71	6	-1	1346805838
33	71	8	-1	1346805626
33	71	17	-1	1346805558
33	71	18	-1	1346805839
33	70	6	-1	1346805747
33	70	8	1	1346805631
33	70	17	-1	1346805564
33	70	18	-1	1346805866
34	30	10	1	1346805315
34	30	12	-1	1346805752
34	78	12	-1	1346805776
34	18	12	-1	1346805771
34	43	10	1	1346805305
34	43	12	1	1346805768
35	31	13	1	1346805632
35	31	15	-1	1346809754
35	63	13	-1	1346805637
35	63	15	-1	1346809776
35	44	13	1	1346805642
35	44	15	1	1346809713
35	55	13	-1	1346805645
35	55	15	1	1346809759
35	48	13	1	1346805633
35	48	15	1	1346809675
35	54	13	-1	1346805649
35	54	15	1	1346809790
36	64	12	-1	1346805871
36	64	14	1	1346805749
36	64	17	1	1346805749
36	64	18	1	1346806008
36	19	3	-1	1346805616
36	19	12	1	1346805852
36	19	14	-1	1346805740
36	19	17	-1	1346805746
36	19	18	-1	1346806003
36	42	3	1	1346805605
36	42	12	-1	1346805845
36	42	14	-1	1346805736
36	42	17	-1	1346805737
36	42	18	-1	1346805993
36	28	1	-1	1346806093
36	28	3	-1	1346805618
36	28	12	-1	1346805874
36	28	14	-1	1346805751
36	28	17	1	1346805752
36	28	18	-1	1346806010
36	34	1	1	1346806081
36	34	3	1	1346805620
36	34	12	1	1346805844
36	34	14	1	1346805734
36	34	17	1	1346805735
36	34	18	1	1346805988
36	69	3	1	1346805609
36	69	12	-1	1346805848
36	69	14	1	1346805738
36	69	17	-1	1346805739
36	69	18	1	1346805995
37	67	4	-1	1346805213
37	67	5	1	1346805588
37	67	8	-1	1346805524
37	45	4	1	1346805200
37	45	5	-1	1346805594
37	45	8	1	1346805522
37	9	4	-1	1346805214
37	9	5	1	1346805644
37	9	8	1	1346805518
37	47	4	-1	1346805212
37	47	5	-1	1346805635
37	47	8	-1	1346805515
37	34	4	1	1346805173
37	34	5	1	1346805600
37	34	8	-1	1346805520
37	36	4	-1	1346805211
37	36	5	-1	1346805640
37	36	8	-1	1346805514
38	10	2	-1	1346806167
38	10	9	-1	1346805257
38	10	13	1	1346805729
38	57	9	-1	1346805236
38	57	13	-1	1346805759
38	17	9	-1	1346805382
38	17	13	-1	1346805727
38	47	9	-1	1346805236
38	47	13	-1	1346805734
38	61	2	1	1346806164
38	61	9	-1	1346805238
38	61	13	1	1346805733
38	54	9	-1	1346805373
38	54	13	-1	1346805726
39	39	10	1	1346805402
39	39	19	1	1346806155
39	54	10	1	1346805404
40	6	7	-1	1346805548
40	6	11	1	1346808696
40	33	7	1	1346805547
40	33	11	-1	1346808689
40	29	11	-1	1346808685
40	68	7	-1	1346805549
40	68	11	-1	1346808699
40	44	7	-1	1346805508
40	44	11	-1	1346808723
40	71	7	1	1346805543
40	71	11	-1	1346808680
41	31	4	-1	1346805246
41	31	6	1	1346806099
41	31	8	-1	1346805319
41	31	10	1	1346805512
41	31	13	-1	1346805865
41	57	4	-1	1346805247
41	57	6	-1	1346806067
41	57	8	-1	1346805342
41	57	13	-1	1346805878
41	9	2	1	1346806213
41	9	4	1	1346805234
41	9	6	1	1346806053
41	9	8	1	1346805345
41	9	13	1	1346805875
41	2	4	-1	1346805241
41	2	6	1	1346806146
41	2	8	-1	1346805299
41	2	13	-1	1346805858
41	24	1	1	1346806225
41	24	2	-1	1346806217
41	24	4	1	1346805227
41	24	6	1	1346806051
41	24	8	1	1346805287
41	24	10	1	1346805502
41	24	13	1	1346805868
41	60	4	1	1346805240
41	60	6	-1	1346806155
41	60	8	-1	1346805309
41	60	13	-1	1346805876
42	73	5	1	1346805714
42	73	9	1	1346805410
42	73	14	-1	1346805784
42	30	5	-1	1346805712
42	30	9	1	1346805410
42	30	14	1	1346805776
42	62	5	-1	1346805710
42	62	9	-1	1346805405
42	62	14	-1	1346805774
42	37	5	-1	1346805725
42	37	9	-1	1346805461
42	37	14	-1	1346805795
42	2	5	1	1346805727
42	2	9	1	1346805421
42	2	14	-1	1346805796
42	52	5	-1	1346805721
42	52	9	1	1346805437
42	52	14	-1	1346805794
43	30	3	1	1346805639
43	30	7	-1	1346806145
43	30	16	-1	1346806215
43	30	17	-1	1346805822
43	63	7	-1	1346806148
43	63	16	-1	1346806207
43	63	17	1	1346805799
43	42	3	1	1346805643
43	42	7	-1	1346806149
43	42	16	1	1346806194
43	42	17	-1	1346805798
43	58	7	-1	1346806147
43	58	16	1	1346806220
43	58	17	-1	1346805837
43	59	7	1	1346806152
43	59	16	1	1346806177
43	59	17	1	1346805781
43	44	3	1	1346805664
43	44	7	-1	1346806130
43	44	16	-1	1346806169
43	44	17	1	1346805775
44	38	12	-1	1346806014
44	38	19	1	1346805881
44	78	12	1	1346805947
44	78	19	1	1346808405
44	52	12	-1	1346806017
44	52	19	1	1346805922
44	44	12	-1	1346806015
44	54	12	-1	1346806015
44	54	19	-1	1346808400
44	26	12	-1	1346806011
45	32	15	-1	1346809900
45	32	18	-1	1346806080
45	39	15	1	1346809940
45	39	18	-1	1346806093
45	17	15	1	1346809884
45	17	18	-1	1346806081
45	56	15	1	1346809960
45	56	18	-1	1346806101
45	71	15	1	1346809985
45	71	18	1	1346806110
45	70	15	-1	1346809938
45	70	18	-1	1346806090
46	29	5	1	1346805764
46	29	7	-1	1346806242
46	29	9	-1	1346805510
46	29	17	1	1346805987
46	29	19	1	1346806208
46	58	5	-1	1346805772
46	58	7	-1	1346806248
46	58	9	-1	1346805501
46	58	17	1	1346806028
46	37	5	-1	1346805766
46	37	7	-1	1346806247
46	37	9	-1	1346805499
46	37	17	1	1346806026
46	69	5	1	1346805759
46	69	7	-1	1346806253
46	69	9	-1	1346805478
46	69	17	-1	1346805968
46	69	19	1	1346806213
46	35	1	1	1346806309
46	35	5	-1	1346805762
46	35	7	1	1346806240
46	35	9	1	1346805489
46	35	17	1	1346805981
46	35	19	1	1346806195
46	4	5	1	1346805761
46	4	7	-1	1346806257
46	4	9	-1	1346805487
46	4	17	-1	1346805971
46	4	19	1	1346806220
47	5	16	1	1346805721
47	16	16	1	1346805718
47	47	3	-1	1346805708
47	47	16	1	1346805727
47	49	3	1	1346805854
47	49	16	1	1346805712
47	69	16	1	1346805730
47	20	3	-1	1346805736
47	20	16	-1	1346805724
48	8	8	-1	1346805374
48	8	18	1	1346806247
48	18	2	1	1346806378
48	18	8	1	1346805367
48	18	18	-1	1346806159
48	16	8	-1	1346805373
48	16	18	-1	1346806220
48	68	8	-1	1346805370
48	68	18	1	1346806205
48	71	2	1	1346806263
48	71	8	1	1346805364
48	71	18	1	1346806142
48	60	8	-1	1346805371
48	60	18	1	1346806185
49	45	12	-1	1346806073
49	44	10	1	1346807068
49	44	12	-1	1346806109
49	3	12	1	1346806115
49	71	12	-1	1346806076
49	11	10	1	1346806384
49	20	12	1	1346806119
50	17	11	-1	1346808839
50	17	13	-1	1346805916
50	59	11	1	1346808879
50	59	13	1	1346805909
50	55	11	-1	1346808863
50	55	13	-1	1346805910
50	61	11	-1	1346808861
50	61	13	1	1346805912
50	48	11	1	1346808847
50	48	13	-1	1346805915
50	54	11	-1	1346808856
50	54	13	1	1346805913
51	73	4	-1	1346806000
51	73	12	-1	1346806284
51	73	13	-1	1346805949
51	73	14	-1	1346805893
51	73	18	-1	1346806377
51	12	2	-1	1346806346
51	12	3	1	1346805942
51	12	4	1	1346806006
51	12	12	-1	1346806234
51	12	13	-1	1346805946
51	12	14	1	1346805854
51	12	18	-1	1346806349
51	51	1	1	1346806365
51	51	2	1	1346806344
51	51	3	1	1346805925
51	51	4	1	1346806004
51	51	12	1	1346806245
51	51	13	1	1346805944
51	51	14	1	1346805859
51	51	18	1	1346806364
51	25	2	1	1346806350
51	25	4	-1	1346805996
51	25	12	1	1346806289
51	25	13	-1	1346805953
51	25	14	1	1346805922
51	25	18	1	1346806416
51	71	4	-1	1346805992
51	71	12	-1	1346806287
51	71	13	1	1346805952
51	71	14	-1	1346805916
51	71	18	1	1346806392
51	70	4	1	1346806002
51	70	12	-1	1346806257
51	70	13	-1	1346805949
51	70	14	1	1346805884
51	70	18	-1	1346806369
52	40	6	1	1346806641
52	40	7	-1	1346805643
52	40	8	1	1346805860
52	40	17	1	1346806314
52	72	6	-1	1346806635
52	72	7	-1	1346805645
52	72	8	-1	1346805871
52	72	17	1	1346806309
52	69	6	-1	1346806633
52	69	7	-1	1346805593
52	69	8	-1	1346805856
52	69	17	-1	1346806307
52	22	6	-1	1346806664
52	22	7	-1	1346805624
52	22	8	-1	1346805863
52	22	17	1	1346806354
52	61	6	-1	1346806693
52	61	7	1	1346805623
52	61	8	-1	1346805864
52	61	17	-1	1346806344
52	20	6	-1	1346806643
52	20	7	-1	1346805640
52	20	8	-1	1346805862
52	20	17	-1	1346806341
53	79	5	1	1346805857
53	79	16	1	1346806285
53	17	5	-1	1346805893
53	17	16	1	1346806301
53	46	5	-1	1346805888
53	46	16	1	1346806288
53	49	5	-1	1346806130
53	49	16	1	1346806279
53	56	5	1	1346806013
53	56	16	1	1346806298
53	11	5	1	1346806131
53	11	16	1	1346806282
54	33	9	1	1346805548
54	33	19	1	1346808443
54	73	9	1	1346805540
54	5	9	1	1346805587
54	38	9	-1	1346805575
54	61	9	-1	1346805566
54	4	9	-1	1346805547
55	29	10	-1	1346805620
55	16	10	-1	1346805621
55	41	10	1	1346805589
55	20	10	1	1346805596
55	20	15	1	1346810151
56	79	8	1	1346805891
56	79	9	1	1346805632
56	79	10	-1	1346805725
56	33	8	-1	1346805889
56	33	9	1	1346805628
56	33	10	1	1346805659
56	15	8	-1	1346805898
56	15	9	-1	1346805639
56	74	8	-1	1346805896
56	74	9	-1	1346805628
56	74	10	-1	1346805733
56	45	1	1	1346806451
56	45	8	-1	1346805894
56	45	9	1	1346805634
56	45	10	-1	1346805670
56	35	8	1	1346805885
56	35	9	-1	1346805637
56	35	10	1	1346805668
57	50	3	1	1346805982
57	50	14	-1	1346805966
57	50	16	1	1346805820
57	12	14	1	1346805973
57	12	16	1	1346805810
57	32	3	1	1346805976
57	32	14	1	1346806001
57	32	16	1	1346805815
57	19	14	-1	1346806017
57	19	16	1	1346805831
57	42	14	-1	1346805947
57	42	16	1	1346805808
57	16	14	1	1346806011
57	16	16	1	1346805827
58	6	4	-1	1346805611
58	6	5	1	1346806154
58	6	12	1	1346806423
58	6	17	1	1346806404
58	40	4	1	1346805607
58	40	5	1	1346806157
58	40	12	1	1346806414
58	40	17	1	1346806409
58	8	4	-1	1346805612
58	8	5	1	1346806153
58	8	17	-1	1346806399
58	62	4	-1	1346805613
58	62	5	-1	1346806355
58	62	12	-1	1346806407
58	62	17	1	1346806391
58	11	4	-1	1346805612
58	11	5	1	1346806147
58	11	17	-1	1346806398
58	4	4	1	1346805605
58	4	5	1	1346806155
58	4	12	-1	1346806417
58	4	17	1	1346806407
59	33	13	-1	1346805999
59	33	18	1	1346806532
59	31	13	1	1346805996
59	31	18	1	1346806590
59	39	13	1	1346805993
59	39	18	-1	1346806550
59	16	13	-1	1346805998
59	16	18	-1	1346806548
59	59	13	1	1346805994
59	59	18	1	1346806570
59	48	13	-1	1346805997
59	48	18	1	1346806572
60	27	2	1	1346806430
60	27	19	1	1346806285
61	73	4	-1	1346806502
61	73	7	-1	1346805800
61	73	13	-1	1346806137
61	73	16	-1	1346806000
61	73	19	1	1346805841
61	8	1	1	1346806601
61	8	4	1	1346806502
61	8	5	-1	1346806382
61	8	7	-1	1346805768
61	8	13	-1	1346806135
61	8	16	1	1346805997
61	8	19	-1	1346805804
61	31	1	1	1346806531
61	31	4	1	1346806504
61	31	5	1	1346806392
61	31	7	1	1346805766
61	31	13	-1	1346806133
61	31	16	-1	1346805993
61	31	19	1	1346805827
61	72	2	-1	1346806529
61	72	4	-1	1346806510
61	72	5	1	1346806372
61	72	7	-1	1346805828
61	72	13	1	1346806124
61	72	16	1	1346805944
61	72	19	-1	1346805836
61	14	4	-1	1346806514
61	14	5	-1	1346806374
61	14	7	-1	1346805739
61	14	13	-1	1346806049
61	14	16	1	1346805984
61	71	2	1	1346806526
61	71	4	-1	1346806522
61	71	5	1	1346806376
61	71	7	-1	1346805815
61	71	13	1	1346806131
61	71	16	1	1346805989
62	21	6	1	1346806279
62	21	8	1	1346805672
62	21	14	1	1346806074
62	21	17	-1	1346806714
62	7	6	1	1346806287
62	7	8	-1	1346805676
62	7	14	1	1346806104
62	7	17	1	1346806719
62	10	6	-1	1346806273
62	10	8	-1	1346805667
62	10	14	-1	1346806049
62	10	17	-1	1346806687
62	35	6	1	1346806276
62	35	8	1	1346805669
62	35	14	1	1346806042
62	35	17	1	1346806690
62	52	6	-1	1346806329
62	52	8	-1	1346805670
62	52	14	-1	1346806055
62	52	17	1	1346806705
62	61	6	-1	1346806310
62	61	8	-1	1346805673
62	61	14	-1	1346806082
62	61	17	-1	1346806717
63	32	12	1	1346806482
63	28	12	-1	1346806494
63	25	12	-1	1346806492
63	48	3	1	1346806155
63	48	12	1	1346806454
64	31	9	-1	1346805825
64	41	9	1	1346805818
64	61	9	-1	1346805823
64	61	10	1	1346806458
64	20	9	-1	1346805814
64	24	9	1	1346805795
64	24	10	1	1346806460
64	54	9	-1	1346805815
64	54	10	-1	1346806473
65	21	15	1	1346810287
65	21	18	1	1346809461
65	46	15	1	1346810269
65	46	18	-1	1346809458
65	16	15	1	1346810273
65	16	18	-1	1346809459
65	22	15	1	1346810199
65	22	18	1	1346809460
65	52	18	-1	1346809463
65	3	18	-1	1346809458
66	79	1	1	1346806720
66	79	9	1	1346805858
66	79	12	-1	1346806526
66	79	14	1	1346806120
66	79	17	1	1346806776
66	33	9	1	1346805891
66	33	12	1	1346806546
66	33	14	-1	1346806124
66	33	17	-1	1346806788
66	12	9	1	1346805894
66	12	12	-1	1346806511
66	12	14	1	1346806118
66	12	17	1	1346806771
66	37	9	-1	1346805889
66	37	12	1	1346806538
66	37	14	-1	1346806123
66	37	17	1	1346806783
66	69	9	-1	1346805893
66	69	12	-1	1346806541
66	69	14	1	1346806119
66	69	17	-1	1346806774
66	54	9	-1	1346805887
66	54	12	1	1346806544
66	54	14	-1	1346806147
66	54	17	-1	1346806778
67	78	3	1	1346806179
67	78	7	1	1346806311
67	78	8	-1	1346806122
67	78	16	1	1346806040
67	72	7	-1	1346806308
67	72	8	-1	1346806132
67	72	16	1	1346806038
67	17	3	1	1346806199
67	17	7	1	1346806305
67	17	8	1	1346806134
67	17	16	1	1346806034
67	16	8	-1	1346806129
67	16	16	1	1346806045
67	34	7	-1	1346806319
67	34	8	-1	1346806125
67	34	16	1	1346806049
67	49	3	1	1346806182
67	49	8	-1	1346806121
67	49	16	1	1346806042
68	45	4	-1	1346805645
68	45	5	-1	1346806419
68	45	6	-1	1346806391
68	58	4	-1	1346805667
68	58	5	-1	1346806436
68	58	6	-1	1346806446
68	52	4	-1	1346805651
68	52	5	-1	1346806440
68	52	6	1	1346806482
68	11	4	-1	1346805644
68	11	5	1	1346806428
68	11	6	1	1346806441
68	20	4	1	1346805649
68	20	5	1	1346806438
68	20	6	1	1346806454
68	70	4	-1	1346805642
68	70	5	1	1346806431
68	70	6	1	1346806399
69	50	13	1	1346806204
69	50	19	-1	1346806907
69	67	13	1	1346806334
69	67	19	-1	1346806897
69	29	13	-1	1346806322
69	29	19	-1	1346806910
69	57	13	-1	1346806331
69	16	13	1	1346806271
69	16	19	1	1346806886
69	54	13	-1	1346806333
69	54	19	1	1346806893
70	64	10	1	1346806588
70	78	2	1	1346806631
70	78	10	-1	1346806591
70	49	2	1	1346806627
70	49	10	1	1346806594
71	8	3	-1	1346806268
71	8	4	1	1346806205
71	8	8	1	1346806388
71	8	13	-1	1346806375
71	31	4	1	1346806209
71	31	8	-1	1346806392
71	31	13	-1	1346806372
71	29	4	-1	1346806210
71	29	8	-1	1346806389
71	29	13	-1	1346806370
71	42	2	1	1346806700
71	42	3	1	1346806258
71	42	4	-1	1346806203
71	42	8	1	1346806384
71	42	13	-1	1346806365
71	35	1	1	1346806773
71	35	3	1	1346806240
71	35	4	-1	1346806201
71	35	8	1	1346806383
71	35	13	1	1346806365
71	70	3	1	1346806289
71	70	4	-1	1346806210
71	70	8	-1	1346806393
71	70	13	-1	1346806371
72	12	6	-1	1346806884
72	12	7	-1	1346806951
72	12	14	-1	1346806186
72	12	17	1	1346806889
72	40	6	1	1346806796
72	40	7	1	1346806949
72	40	14	1	1346806185
72	40	17	1	1346806888
72	76	6	-1	1346806841
72	76	7	-1	1346806939
72	76	14	-1	1346806194
72	76	17	1	1346806935
72	62	6	-1	1346806840
72	62	7	-1	1346806940
72	62	14	-1	1346806191
72	62	17	1	1346806894
72	2	6	1	1346806878
72	2	7	1	1346806943
72	2	14	-1	1346806188
72	2	17	1	1346806891
72	61	6	-1	1346806838
72	61	7	-1	1346806938
72	61	14	-1	1346806193
72	61	17	-1	1346806915
73	73	5	-1	1346806469
73	73	16	-1	1346806347
73	50	5	1	1346806481
73	50	16	1	1346806372
73	78	5	1	1346806483
73	78	16	1	1346806375
73	74	5	-1	1346806476
73	74	16	1	1346806366
73	55	5	1	1346806479
73	55	16	1	1346806369
73	11	5	1	1346806475
73	11	16	1	1346806362
74	21	9	1	1346805928
74	21	18	1	1346806922
74	30	9	1	1346805930
74	30	18	-1	1346806913
74	29	9	-1	1346805949
74	29	18	-1	1346806876
74	46	9	1	1346805927
74	46	18	-1	1346806915
74	27	9	-1	1346805925
74	27	18	-1	1346806929
74	61	9	-1	1346805933
74	61	18	-1	1346806885
75	7	15	1	1346810440
75	62	19	-1	1346806375
75	28	15	1	1346810421
75	28	19	1	1346806309
75	34	19	1	1346806422
76	74	5	-1	1346806533
76	74	6	-1	1346806964
76	74	9	-1	1346805998
76	72	1	1	1346806850
76	72	5	1	1346806506
76	72	6	-1	1346806907
76	72	7	-1	1346806510
76	72	9	-1	1346805983
76	10	5	-1	1346806516
76	10	6	-1	1346806908
76	10	7	-1	1346806506
76	10	9	-1	1346805984
76	37	5	-1	1346806526
76	37	6	-1	1346806912
76	37	7	1	1346806497
76	37	9	1	1346806006
76	27	5	1	1346806531
76	27	6	1	1346806913
76	27	7	1	1346806491
76	27	9	-1	1346806000
76	54	5	-1	1346806536
76	54	6	1	1346806986
76	54	7	-1	1346806508
76	54	9	1	1346805993
77	5	8	-1	1346805391
77	5	14	1	1346806231
77	32	3	1	1346806315
77	32	8	1	1346805386
77	32	14	1	1346806221
77	16	8	-1	1346805393
77	16	14	-1	1346806238
77	47	8	-1	1346805394
77	47	14	1	1346806240
77	35	3	1	1346806313
77	35	8	1	1346805390
77	35	14	1	1346806221
77	25	8	-1	1346805392
77	25	14	1	1346806236
78	33	4	1	1346806103
78	33	12	1	1346806620
78	33	17	-1	1346806985
78	21	4	1	1346806088
78	21	12	-1	1346806597
78	21	17	-1	1346807005
78	2	4	1	1346806119
78	2	12	1	1346806606
78	2	17	1	1346807007
78	71	4	-1	1346806114
78	71	12	-1	1346806585
78	71	17	1	1346807000
78	11	4	-1	1346806113
78	11	12	1	1346806583
78	11	17	1	1346806999
78	26	4	-1	1346806114
78	26	12	1	1346806587
78	26	17	1	1346807002
79	6	10	-1	1346806538
79	6	13	1	1346806436
79	65	10	1	1346806541
79	65	13	1	1346806435
79	27	13	-1	1346806443
79	16	13	-1	1346806442
79	49	10	1	1346806536
79	49	13	1	1346806438
79	22	10	1	1346806535
79	22	13	-1	1346806441
80	5	2	1	1346806714
80	5	18	1	1346807035
80	18	2	1	1346806718
80	18	18	-1	1346806985
80	58	18	-1	1346806973
80	34	18	1	1346807003
80	25	18	1	1346807014
80	61	18	-1	1346806993
81	12	4	-1	1346805593
81	12	12	-1	1346806635
81	12	13	-1	1346806481
81	12	14	-1	1346806265
81	12	16	1	1346806443
81	29	2	1	1346806796
81	29	4	-1	1346805587
81	29	12	1	1346806641
81	29	13	-1	1346806507
81	29	14	-1	1346806271
81	29	16	1	1346806497
81	17	1	1	1346806939
81	17	2	1	1346806800
81	17	4	1	1346805575
81	17	12	-1	1346806704
81	17	13	-1	1346806482
81	17	14	-1	1346806267
81	17	16	1	1346806481
81	22	4	-1	1346805581
81	22	12	1	1346806651
81	22	13	-1	1346806504
81	22	14	1	1346806269
81	22	16	-1	1346806491
81	71	4	1	1346805586
81	71	12	-1	1346806642
81	71	13	1	1346806502
81	71	14	-1	1346806270
81	71	16	1	1346806494
81	70	4	-1	1346805578
81	70	12	-1	1346806699
81	70	13	-1	1346806493
81	70	14	-1	1346806279
81	70	16	1	1346806479
82	72	6	-1	1346807273
82	72	7	-1	1346806422
82	72	8	-1	1346805947
82	72	17	-1	1346806819
82	45	6	-1	1346807356
82	45	7	1	1346806415
82	45	8	1	1346805952
82	45	17	-1	1346806825
82	59	7	-1	1346806423
82	59	8	-1	1346805951
82	59	17	-1	1346806822
82	36	6	1	1346807339
82	36	7	1	1346806428
82	36	8	-1	1346805954
82	36	17	-1	1346806831
82	52	6	1	1346807271
82	52	7	-1	1346806419
82	52	8	1	1346805946
82	52	17	1	1346806817
82	61	6	-1	1346807282
82	61	7	-1	1346806426
82	61	8	-1	1346805954
82	61	17	-1	1346806827
83	79	3	1	1346806378
83	79	5	1	1346806582
83	5	5	1	1346806872
83	31	5	-1	1346806588
83	63	5	1	1346806867
83	49	3	1	1346806384
83	49	5	-1	1346806871
83	11	5	1	1346806584
84	19	9	1	1346806028
84	62	9	-1	1346806027
84	28	9	1	1346806024
84	28	19	1	1346806470
84	22	9	-1	1346806015
84	56	9	1	1346806072
84	61	9	-1	1346806079
85	76	10	1	1346807132
85	16	15	1	1346810550
85	59	15	1	1346810569
85	43	10	1	1346807134
85	43	15	1	1346810499
86	79	1	1	1346806966
86	79	8	1	1346805988
86	79	9	1	1346806151
86	79	17	1	1346807057
86	40	8	-1	1346805984
86	40	9	1	1346806138
86	40	17	1	1346807045
86	74	8	-1	1346805982
86	74	9	-1	1346806140
86	74	17	1	1346807048
86	19	8	-1	1346805988
86	19	9	-1	1346806150
86	19	17	1	1346807050
86	27	8	-1	1346805991
86	27	9	-1	1346806152
86	27	17	1	1346807068
86	35	8	-1	1346805976
86	35	9	1	1346806124
86	35	17	1	1346807041
87	73	7	-1	1346806620
87	73	14	-1	1346806331
87	73	16	-1	1346806559
87	12	14	-1	1346806323
87	12	16	1	1346806554
87	78	7	-1	1346806632
87	78	14	-1	1346806315
87	78	16	1	1346806552
87	51	3	1	1346806427
87	51	7	1	1346806612
87	51	14	1	1346806344
87	51	16	-1	1346806566
87	16	3	1	1346806428
87	16	7	1	1346806653
87	16	14	1	1346806338
87	16	16	1	1346806561
87	41	7	-1	1346806646
87	41	14	-1	1346806325
87	41	16	1	1346806557
88	65	5	1	1346807636
88	65	6	-1	1346807423
88	65	13	1	1346806548
88	65	18	1	1346807579
88	74	5	1	1346807641
88	74	6	-1	1346807513
88	74	13	1	1346806593
88	74	18	-1	1346807617
88	63	5	1	1346807647
88	63	6	1	1346807486
88	63	13	-1	1346806599
88	63	18	-1	1346807627
88	46	5	-1	1346807643
88	46	6	1	1346807489
88	46	13	-1	1346806599
88	46	18	-1	1346807619
88	49	5	1	1346807638
88	49	6	1	1346807430
88	49	13	1	1346806549
88	49	18	-1	1346807594
88	22	5	1	1346807639
88	22	6	-1	1346807455
88	22	13	-1	1346806556
88	22	18	1	1346807606
89	78	4	-1	1346806026
89	78	12	-1	1346806814
89	34	4	1	1346806019
89	34	12	1	1346806806
89	35	4	1	1346806033
89	35	12	-1	1346806810
89	25	4	1	1346806016
89	25	12	1	1346806808
89	54	4	-1	1346806028
89	54	12	-1	1346806815
89	60	12	-1	1346806816
90	38	19	1	1346806823
90	46	2	1	1346806830
90	46	19	1	1346806817
91	21	2	1	1346806914
91	21	4	1	1346806310
91	21	7	-1	1346806584
91	21	13	1	1346806630
91	21	14	-1	1346806390
91	38	1	1	1346806982
91	38	4	1	1346806306
91	38	7	1	1346806582
91	38	13	1	1346806623
91	38	14	1	1346806381
91	8	4	-1	1346806313
91	8	7	-1	1346806584
91	8	13	-1	1346806632
91	8	14	1	1346806394
91	57	2	1	1346806912
91	57	4	-1	1346806328
91	57	7	-1	1346806585
91	57	13	-1	1346806634
91	57	14	1	1346806396
91	28	4	1	1346806312
91	28	7	-1	1346806583
91	28	13	-1	1346806629
91	28	14	-1	1346806387
91	35	4	-1	1346806331
91	35	7	-1	1346806585
91	35	13	1	1346806634
91	35	14	1	1346806397
92	6	5	1	1346806956
92	6	6	1	1346807718
92	6	19	-1	1346807349
92	33	5	-1	1346806964
92	33	6	-1	1346807715
92	33	10	1	1346808143
92	33	19	1	1346807966
92	67	5	1	1346806963
92	67	6	1	1346807876
92	67	19	-1	1346807353
92	45	5	-1	1346807244
92	45	6	-1	1346807739
92	45	19	-1	1346807355
92	22	5	1	1346806952
92	22	6	-1	1346807742
92	22	10	1	1346807180
92	22	19	1	1346807941
92	56	5	-1	1346806951
92	56	6	1	1346807739
92	56	10	1	1346808147
92	56	19	-1	1346807942
93	51	3	1	1346806768
93	51	9	1	1346806160
93	51	12	1	1346806847
93	7	3	-1	1346806792
93	7	9	1	1346806206
93	7	12	-1	1346806865
93	19	3	-1	1346806796
93	19	9	-1	1346806213
93	19	12	-1	1346806863
93	9	3	-1	1346806798
93	9	9	1	1346806194
93	9	12	1	1346806872
93	47	3	1	1346806763
93	47	9	-1	1346806174
93	47	12	-1	1346806889
93	36	3	1	1346806787
93	36	9	1	1346806209
93	36	12	1	1346806873
94	15	8	1	1346805566
94	15	18	1	1346807253
94	45	8	-1	1346805568
94	45	18	-1	1346807180
94	2	8	-1	1346805567
94	2	18	-1	1346807205
94	69	8	-1	1346805561
94	69	18	1	1346807179
94	3	8	-1	1346805564
94	3	18	-1	1346807225
94	20	8	1	1346805563
94	20	18	1	1346807216
95	38	16	-1	1346806697
95	9	16	-1	1346806679
95	47	16	1	1346806689
95	56	16	-1	1346806676
95	11	16	1	1346806687
95	43	16	1	1346806682
96	64	3	1	1346806654
96	64	5	1	1346807051
96	64	9	1	1346806253
96	15	3	1	1346806661
96	15	5	1	1346807060
96	15	9	1	1346806279
96	31	3	-1	1346806658
96	31	5	-1	1346807055
96	31	9	-1	1346806275
96	55	1	1	1346807042
96	55	3	1	1346806656
96	55	5	1	1346807053
96	55	9	1	1346806273
96	43	3	1	1346806652
96	43	5	-1	1346807046
96	43	9	-1	1346806247
96	70	3	1	1346806660
96	70	5	1	1346807058
96	70	9	-1	1346806292
97	38	7	1	1346806715
97	38	17	1	1346807093
97	38	18	1	1346807663
97	38	19	1	1346807271
97	39	7	-1	1346806719
97	39	17	1	1346807109
97	39	18	-1	1346807673
97	10	7	-1	1346806724
97	10	17	-1	1346807091
97	10	18	-1	1346807662
97	16	7	-1	1346806720
97	16	17	1	1346807104
97	16	18	-1	1346807670
97	16	19	1	1346807283
97	36	7	-1	1346806723
97	36	17	1	1346807103
97	36	18	1	1346807689
97	52	7	1	1346806714
97	52	17	-1	1346807107
97	52	18	-1	1346807700
98	73	2	1	1346806881
98	73	8	-1	1346806465
98	73	14	-1	1346806453
98	76	8	-1	1346806464
98	76	14	-1	1346806467
98	67	8	-1	1346806466
98	67	14	1	1346806429
98	42	2	-1	1346806888
98	42	8	1	1346806461
98	42	14	-1	1346806489
98	46	8	-1	1346806464
98	46	14	1	1346806477
98	35	2	1	1346806885
98	35	8	-1	1346806470
98	35	14	1	1346806491
99	63	12	-1	1346806921
99	63	13	-1	1346806720
99	10	12	1	1346806919
99	10	13	1	1346806718
99	58	12	-1	1346806918
99	58	13	-1	1346806700
99	61	12	-1	1346806920
99	61	13	-1	1346806716
99	24	12	-1	1346806922
99	24	13	-1	1346806723
99	26	12	1	1346806920
99	26	13	1	1346806694
100	73	4	-1	1346806616
100	73	6	1	1346808062
100	38	4	1	1346806621
100	42	4	-1	1346806621
100	42	6	-1	1346807958
100	49	4	1	1346806620
100	49	6	1	1346808108
100	14	4	-1	1346806617
100	14	6	-1	1346808092
100	43	4	-1	1346806623
100	43	6	-1	1346808065
101	18	1	1	1346807096
101	18	2	1	1346806954
101	18	4	-1	1346807176
101	18	17	1	1346807140
101	49	1	1	1346807311
101	49	2	1	1346806952
101	49	4	1	1346807185
101	49	10	1	1346807297
101	49	17	1	1346807121
101	44	4	-1	1346807172
101	44	10	1	1346807326
101	44	17	1	1346807145
101	48	4	-1	1346807182
101	48	17	-1	1346807128
101	71	4	-1	1346807180
101	71	10	1	1346807304
101	71	17	-1	1346807139
101	24	4	1	1346807171
101	24	17	1	1346807150
102	33	3	-1	1346806690
102	33	12	-1	1346807064
102	33	14	-1	1346806693
102	33	18	-1	1346807399
102	40	3	1	1346806694
102	40	12	-1	1346807067
102	40	14	1	1346806693
102	40	18	1	1346807517
102	76	3	-1	1346806689
102	76	12	-1	1346807063
102	76	14	-1	1346806690
102	76	18	-1	1346807374
102	57	3	-1	1346806684
102	57	12	1	1346807054
102	57	14	1	1346806687
102	57	18	-1	1346807347
102	11	3	1	1346806697
102	11	12	1	1346807072
102	11	14	-1	1346806697
102	11	18	-1	1346807437
102	43	3	1	1346806685
102	43	12	-1	1346807061
102	43	14	-1	1346806688
102	43	18	-1	1346807362
103	6	5	1	1346807083
103	6	7	1	1346806767
103	6	9	1	1346806346
103	6	13	1	1346806842
103	15	5	-1	1346807113
103	15	7	-1	1346806808
103	15	9	1	1346806343
103	15	13	-1	1346806849
103	65	5	1	1346807108
103	65	7	-1	1346806768
103	65	9	-1	1346806336
103	65	13	1	1346806844
103	78	5	-1	1346807111
103	78	7	1	1346806796
103	78	9	-1	1346806341
103	78	13	-1	1346806847
103	39	5	1	1346807081
103	39	7	1	1346806763
103	39	9	1	1346806309
103	39	13	1	1346806842
103	9	5	1	1346807110
103	9	7	-1	1346806788
103	9	9	1	1346806338
103	9	13	-1	1346806845
104	79	8	-1	1346806781
104	79	16	1	1346806782
104	30	8	-1	1346806782
104	30	16	-1	1346806774
104	57	8	-1	1346806782
104	57	16	1	1346806778
104	19	8	1	1346806779
104	19	16	1	1346806789
104	27	8	1	1346806791
104	27	16	1	1346806793
104	59	8	-1	1346806780
104	59	16	-1	1346806785
105	6	11	-1	1346808193
105	78	11	-1	1346808187
105	62	11	1	1346808183
105	47	11	-1	1346808190
105	49	11	-1	1346808195
105	43	11	-1	1346808186
106	12	7	-1	1346806875
106	12	9	1	1346806365
106	12	14	-1	1346806721
106	29	1	-1	1346807387
106	29	7	1	1346806878
106	29	9	-1	1346806381
106	29	14	-1	1346806720
106	29	19	1	1346806630
106	27	1	1	1346807393
106	27	7	1	1346806850
106	27	9	-1	1346806378
106	27	14	1	1346806724
106	47	7	-1	1346806871
106	47	9	-1	1346806357
106	47	14	1	1346806708
106	25	7	-1	1346806882
106	25	9	-1	1346806376
106	25	14	1	1346806722
106	54	1	1	1346807419
106	54	7	1	1346806891
106	54	9	1	1346806377
106	54	14	-1	1346806723
106	54	19	1	1346806653
107	65	5	1	1346807146
107	65	8	1	1346807499
107	65	10	1	1346807427
107	65	12	-1	1346807175
107	28	5	1	1346807150
107	28	8	-1	1346807501
107	28	10	1	1346808079
107	28	12	-1	1346807179
107	49	5	1	1346807145
107	49	8	-1	1346807497
107	49	10	1	1346808090
107	49	12	1	1346807155
107	52	5	-1	1346807148
107	52	8	-1	1346807500
107	52	10	-1	1346807433
107	52	12	-1	1346807176
107	14	5	-1	1346807152
107	14	8	-1	1346807503
107	14	10	-1	1346807439
107	14	12	-1	1346807180
107	70	5	1	1346807143
107	70	8	1	1346807495
107	70	12	-1	1346807170
108	51	3	1	1346806854
108	45	3	-1	1346806859
108	42	3	1	1346806715
108	16	3	-1	1346806852
108	11	3	1	1346806843
108	24	3	-1	1346806859
109	21	6	1	1346808831
109	21	13	-1	1346806894
109	50	6	1	1346808820
109	50	13	1	1346806889
109	34	6	1	1346808828
109	34	13	1	1346806884
109	35	6	1	1346808821
109	35	13	1	1346806902
109	41	6	-1	1346808823
109	41	13	-1	1346806900
109	70	6	1	1346808829
109	70	13	-1	1346806895
110	73	4	-1	1346807643
110	73	18	-1	1346807777
110	40	4	1	1346807637
110	40	18	1	1346807798
110	45	4	-1	1346807642
110	45	18	-1	1346807769
110	16	4	-1	1346807645
110	16	18	-1	1346807789
110	47	4	-1	1346807645
110	47	18	-1	1346807791
110	49	4	1	1346807642
110	49	18	-1	1346807767
110	60	4	-1	1346807644
110	60	18	-1	1346807786
111	73	3	-1	1346806959
111	73	5	-1	1346807172
111	50	1	1	1346807489
111	50	3	1	1346806966
111	50	5	1	1346807192
111	32	3	1	1346806952
111	32	5	1	1346807186
111	2	3	1	1346806962
111	2	5	1	1346807191
111	69	3	1	1346806967
111	69	5	1	1346807185
111	56	3	1	1346806956
111	56	5	1	1346807176
112	64	7	-1	1346807674
112	64	8	1	1346805550
112	40	7	1	1346807662
112	40	8	1	1346805548
112	40	17	1	1346807168
112	51	7	-1	1346807665
112	51	8	-1	1346805547
112	51	17	-1	1346807166
112	62	7	-1	1346807674
112	62	8	-1	1346805551
112	62	17	1	1346807173
112	47	7	1	1346807666
112	47	8	-1	1346805546
112	47	17	1	1346807161
112	44	7	-1	1346807669
112	44	8	1	1346805545
112	44	17	-1	1346807159
113	33	9	1	1346806404
113	33	10	1	1346805772
113	78	9	-1	1346806415
113	78	10	-1	1346805776
113	67	9	-1	1346806429
113	10	9	-1	1346806418
113	10	10	1	1346805783
113	27	9	-1	1346806420
113	14	9	1	1346806425
114	15	16	1	1346806901
114	15	19	1	1346808619
114	17	16	1	1346806903
114	22	16	1	1346806898
114	44	16	-1	1346806882
114	55	16	1	1346806876
114	20	16	-1	1346806892
115	6	9	1	1346806484
115	6	10	1	1346807450
115	6	12	1	1346807319
115	6	17	-1	1346807290
115	38	9	-1	1346806482
115	38	10	1	1346807454
115	38	12	1	1346807325
115	38	17	-1	1346807295
115	74	9	-1	1346806480
115	74	10	-1	1346807456
115	74	12	-1	1346807314
115	74	17	-1	1346807304
115	17	1	1	1346807659
115	17	9	1	1346806487
115	17	12	1	1346807332
115	17	17	1	1346807192
115	58	9	-1	1346806451
115	58	12	1	1346807309
115	58	17	-1	1346807306
115	26	9	1	1346806476
115	26	10	1	1346807470
115	26	12	-1	1346807306
115	26	17	1	1346807191
116	73	3	-1	1346807006
116	73	13	1	1346806995
116	73	14	-1	1346807013
116	73	16	-1	1346807519
116	67	3	-1	1346807011
116	67	13	-1	1346807001
116	67	14	1	1346807020
116	67	16	1	1346807522
116	28	3	-1	1346807017
116	28	13	-1	1346807003
116	28	14	-1	1346807022
116	28	16	-1	1346807532
116	48	3	1	1346807015
116	48	13	-1	1346807021
116	48	14	-1	1346807030
116	48	16	1	1346807535
116	54	3	1	1346807010
116	54	13	1	1346807000
116	54	14	1	1346807012
116	54	16	-1	1346807516
116	60	3	-1	1346807022
116	60	13	-1	1346807022
116	60	14	-1	1346807037
116	60	16	1	1346807538
117	50	5	1	1346807228
117	50	7	1	1346807119
117	50	19	1	1346806542
117	39	2	1	1346806977
117	39	5	1	1346807221
117	39	7	-1	1346807125
117	39	19	1	1346806534
117	45	2	-1	1346806986
117	45	5	-1	1346807224
117	45	7	-1	1346807123
117	57	2	1	1346806990
117	57	5	-1	1346807226
117	57	7	-1	1346807123
117	62	2	-1	1346806996
117	62	5	-1	1346807209
117	62	7	-1	1346807126
117	52	5	-1	1346807211
117	52	7	-1	1346807125
118	5	6	-1	1346808930
118	36	6	1	1346808917
118	61	6	-1	1346808908
118	71	6	-1	1346808905
118	24	6	1	1346808921
118	54	6	1	1346808906
119	6	4	1	1346807701
119	6	8	1	1346807812
119	73	4	-1	1346807692
119	73	8	-1	1346806015
119	63	4	-1	1346807705
119	63	8	-1	1346806038
119	57	4	-1	1346807694
119	57	8	1	1346806013
119	16	4	-1	1346807699
119	16	8	-1	1346806029
119	52	4	-1	1346807703
119	52	8	-1	1346806030
120	79	4	1	1346807731
120	79	7	-1	1346807251
120	79	8	-1	1346806443
120	79	14	1	1346807059
120	5	1	1	1346807698
120	5	2	1	1346807714
120	5	4	1	1346807734
120	5	7	1	1346807252
120	5	8	-1	1346806444
120	5	14	1	1346807061
120	30	2	-1	1346807021
120	30	4	1	1346807729
120	30	7	-1	1346807247
120	30	8	-1	1346806443
120	30	14	1	1346807060
120	7	4	1	1346807728
120	7	7	-1	1346807245
120	7	8	1	1346806437
120	7	14	-1	1346807057
120	16	4	-1	1346807723
120	16	7	-1	1346807239
120	16	8	-1	1346806440
120	16	14	-1	1346807065
120	43	2	1	1346807711
120	43	4	-1	1346807725
120	43	7	1	1346807241
120	43	8	1	1346806439
120	43	14	-1	1346807056
121	64	16	1	1346806954
121	6	16	1	1346806948
121	12	16	1	1346806956
121	39	10	1	1346805995
121	39	16	1	1346806951
121	2	10	1	1346805989
121	2	16	-1	1346806946
121	3	16	1	1346806959
122	15	3	1	1346807055
122	15	13	1	1346807096
122	15	19	1	1346807703
122	8	3	-1	1346807067
122	8	13	-1	1346807103
122	67	3	-1	1346807065
122	67	13	-1	1346807101
122	45	3	1	1346807057
122	45	13	-1	1346807106
122	71	3	1	1346807061
122	71	13	1	1346807103
122	24	3	1	1346807064
122	24	13	1	1346807099
123	33	17	-1	1346807704
123	65	17	1	1346807362
123	39	17	1	1346807364
123	72	17	-1	1346807360
123	42	17	-1	1346807361
123	48	17	1	1346807369
124	73	9	1	1346806517
124	73	12	1	1346807424
124	76	9	-1	1346806529
124	76	12	-1	1346807431
124	52	9	1	1346806524
124	52	12	1	1346807370
124	55	9	1	1346806510
124	55	12	-1	1346807430
124	41	9	-1	1346806509
124	41	12	-1	1346807428
124	60	9	-1	1346806531
124	60	12	-1	1346807426
125	39	3	1	1346807101
125	39	7	-1	1346807446
125	39	10	1	1346806136
125	39	12	-1	1346807499
125	39	16	1	1346807592
125	74	3	-1	1346807098
125	74	7	-1	1346807433
125	74	12	-1	1346807488
125	74	16	1	1346807576
125	7	3	-1	1346807096
125	7	7	-1	1346807403
125	7	12	-1	1346807486
125	7	16	1	1346807572
125	62	1	1	1346807813
125	62	3	-1	1346807089
125	62	7	1	1346807444
125	62	10	1	1346806142
125	62	12	1	1346807494
125	62	16	1	1346807586
125	28	3	-1	1346807100
125	28	7	-1	1346807445
125	28	10	-1	1346806140
125	28	12	-1	1346807496
125	28	16	-1	1346807589
125	16	3	-1	1346807094
125	16	7	1	1346807439
125	16	10	-1	1346806143
125	16	12	1	1346807491
125	16	16	1	1346807579
126	33	5	-1	1346807296
126	33	6	-1	1346808965
126	33	9	1	1346806549
126	33	17	1	1346807439
126	30	5	-1	1346807298
126	30	6	1	1346808966
126	30	9	1	1346806550
126	30	17	1	1346807441
126	38	5	1	1346807291
126	38	6	-1	1346808973
126	38	9	-1	1346808988
126	38	17	1	1346807436
126	57	5	-1	1346807287
126	57	6	-1	1346808960
126	57	9	-1	1346806542
126	57	17	1	1346807435
126	69	5	1	1346807293
126	69	6	-1	1346808962
126	69	9	-1	1346806548
126	69	17	-1	1346807438
126	3	5	-1	1346807289
126	3	6	-1	1346808953
126	3	9	-1	1346806541
126	3	17	-1	1346807430
127	40	8	-1	1346806193
127	40	13	1	1346807140
127	40	14	1	1346807075
127	40	18	1	1346807880
127	16	8	-1	1346806192
127	16	13	-1	1346807160
127	16	14	1	1346807096
127	16	18	-1	1346807912
127	47	8	-1	1346806195
127	47	13	-1	1346807152
127	47	14	1	1346807075
127	47	18	-1	1346807872
127	49	8	-1	1346806189
127	49	13	1	1346807158
127	49	14	1	1346807084
127	49	18	-1	1346807909
127	41	8	1	1346807931
127	41	13	-1	1346807157
127	41	14	1	1346807082
127	41	18	1	1346807895
127	70	8	1	1346806191
127	70	13	-1	1346807161
127	70	14	-1	1346807097
127	70	18	-1	1346807914
128	51	2	1	1346807278
129	39	4	1	1346807286
130	50	1	1	1346807902
130	50	2	1	1346807730
130	50	4	1	1346807427
130	50	5	1	1346807316
130	50	7	1	1346807045
130	50	14	-1	1346807135
130	50	17	1	1346807455
130	38	4	-1	1346807433
130	38	5	1	1346807326
130	38	7	-1	1346807050
130	38	14	-1	1346807155
130	38	17	1	1346807461
130	31	4	1	1346807425
130	31	5	1	1346807311
130	31	7	1	1346807047
130	31	17	1	1346807454
130	34	4	1	1346807429
130	34	5	1	1346807320
130	34	7	-1	1346807048
130	34	14	1	1346807140
130	34	17	-1	1346807457
130	43	4	-1	1346807431
130	43	5	1	1346807323
130	43	7	1	1346807045
130	43	14	-1	1346807151
130	43	17	-1	1346807460
130	26	4	-1	1346807432
130	26	5	-1	1346807325
130	26	7	-1	1346807049
130	26	14	1	1346807153
130	26	17	1	1346807460
130	66	2	1	1346807387
130	66	4	-1	1346807437
130	66	14	1	1346807592
131	79	8	-1	1346806163
131	79	9	1	1346806582
131	79	13	1	1346807186
131	21	8	1	1346806164
131	21	9	1	1346806585
131	21	13	1	1346807187
131	30	8	1	1346806167
131	30	9	1	1346806577
131	30	13	1	1346807180
131	63	8	-1	1346806162
131	63	9	-1	1346806594
131	63	13	-1	1346807181
131	37	8	-1	1346806165
131	37	9	-1	1346806587
131	37	13	-1	1346807188
131	59	8	-1	1346806166
131	59	9	1	1346806616
131	59	13	1	1346807192
132	7	16	1	1346807090
132	45	16	-1	1346807101
132	10	16	1	1346807108
132	58	16	1	1346807087
132	58	19	1	1346807044
132	9	16	-1	1346807093
132	34	16	1	1346807106
132	34	19	1	1346807051
132	69	16	1	1346807112
132	69	19	1	1346806739
133	79	10	-1	1346806213
133	79	12	-1	1346807601
133	12	12	-1	1346807552
133	68	12	1	1346807597
133	44	10	1	1346806212
133	44	12	-1	1346807636
133	56	12	-1	1346807589
133	71	12	-1	1346807593
133	75	12	1	1346807864
133	23	12	1	1346807866
134	5	3	-1	1346807207
134	5	11	-1	1346808964
134	38	3	-1	1346807156
134	38	11	-1	1346808969
134	28	3	-1	1346807208
134	28	11	-1	1346808961
134	52	3	-1	1346807198
134	52	11	-1	1346808968
134	55	3	1	1346807209
134	55	11	-1	1346808942
134	24	3	-1	1346807198
134	24	11	1	1346808966
135	79	7	1	1346807720
135	79	8	-1	1346806616
135	79	9	1	1346806683
135	79	12	-1	1346807759
135	6	7	-1	1346807722
135	6	8	-1	1346806615
135	6	9	1	1346806682
135	6	12	-1	1346807758
135	78	7	-1	1346807722
135	78	8	-1	1346806613
135	78	9	-1	1346806679
135	78	12	-1	1346807754
135	78	19	-1	1346807124
135	32	7	1	1346807721
135	32	8	-1	1346806613
135	32	9	1	1346806681
135	32	12	1	1346807756
135	32	19	1	1346807156
135	20	1	1	1346808010
135	20	7	1	1346807744
135	20	8	1	1346806617
135	20	9	1	1346806685
135	20	12	1	1346807749
135	20	19	1	1346808025
135	4	7	-1	1346807723
135	4	8	-1	1346806610
135	4	9	-1	1346806677
135	4	12	-1	1346807752
136	8	3	-1	1346807281
136	8	13	-1	1346807265
136	8	16	1	1346807291
136	59	3	-1	1346807285
136	59	13	1	1346807253
136	59	16	-1	1346807263
136	14	3	1	1346807276
136	14	13	-1	1346807267
136	14	16	-1	1346807283
136	61	3	1	1346807278
136	61	13	1	1346807264
136	61	16	1	1346807299
136	71	3	-1	1346807280
136	71	13	1	1346807214
136	71	16	1	1346807294
136	54	3	1	1346807282
136	54	13	-1	1346807255
136	54	16	-1	1346807268
137	15	5	1	1346807372
137	15	14	1	1346807208
137	31	5	1	1346807373
137	31	10	1	1346807989
137	31	14	1	1346807216
137	78	5	-1	1346807378
137	78	10	-1	1346807996
137	78	14	-1	1346807226
137	42	5	-1	1346807380
137	42	14	-1	1346807228
137	47	5	1	1346807376
137	47	14	-1	1346807225
137	24	5	1	1346807374
137	24	14	1	1346807221
138	33	2	-1	1346807461
138	33	6	-1	1346809039
138	5	2	1	1346807078
138	5	6	-1	1346809046
138	29	6	-1	1346809031
138	16	6	1	1346809028
138	68	6	1	1346809033
138	14	2	1	1346807460
138	14	6	1	1346809041
139	79	4	1	1346807350
139	79	17	1	1346807472
139	62	4	-1	1346807375
139	62	17	1	1346807480
139	52	4	-1	1346807371
139	52	17	-1	1346807474
139	41	4	-1	1346807374
139	41	17	-1	1346807478
139	56	4	1	1346807378
139	56	17	-1	1346807498
139	26	4	-1	1346807376
139	26	17	1	1346807483
140	57	3	1	1346807329
140	57	7	-1	1346807797
140	57	13	-1	1346807305
140	57	14	1	1346807264
140	57	16	1	1346807648
140	2	3	1	1346807325
140	2	7	1	1346807796
140	2	13	1	1346807304
140	2	14	1	1346807297
140	2	16	1	1346807644
140	35	1	1	1346808102
140	35	2	1	1346807776
140	35	3	1	1346807323
140	35	4	1	1346808124
140	35	7	1	1346807793
140	35	13	1	1346807294
140	35	14	1	1346807259
140	35	16	1	1346807639
140	25	3	-1	1346807328
140	25	7	-1	1346807797
140	25	13	-1	1346807298
140	25	14	1	1346807263
140	25	16	1	1346807646
140	14	3	-1	1346807330
140	14	7	-1	1346807802
140	14	13	-1	1346807307
140	14	14	-1	1346807286
140	14	16	-1	1346807651
140	11	3	-1	1346807324
140	11	7	-1	1346807791
140	11	13	1	1346807291
140	11	14	-1	1346807255
140	11	16	1	1346807624
141	19	5	-1	1346807445
141	19	17	1	1346807512
141	19	18	1	1346807954
141	27	5	1	1346807447
141	27	17	1	1346807509
141	27	18	-1	1346807955
141	16	5	1	1346807439
141	16	17	1	1346807518
141	16	18	-1	1346807948
141	22	5	1	1346807435
141	22	18	1	1346807946
141	61	5	1	1346807451
141	61	17	-1	1346807510
141	61	18	-1	1346807964
141	70	5	1	1346807441
141	70	17	1	1346807516
141	70	18	-1	1346807949
142	40	8	-1	1346808831
142	40	10	1	1346806263
142	72	8	-1	1346808759
142	58	8	-1	1346806550
142	58	10	-1	1346806258
142	2	8	-1	1346806548
142	41	8	-1	1346806544
142	41	10	1	1346806261
142	20	8	1	1346806553
142	20	10	1	1346806262
143	32	9	1	1346806791
143	32	12	1	1346807787
143	67	9	-1	1346806735
143	67	12	-1	1346807779
143	29	9	-1	1346806736
143	29	12	-1	1346807780
143	19	9	-1	1346806737
143	19	12	-1	1346807783
143	62	9	-1	1346806738
143	62	12	-1	1346807784
143	37	9	-1	1346806736
143	37	12	-1	1346807781
143	34	9	-1	1346806796
143	34	12	1	1346807777
143	48	9	1	1346806790
143	48	12	1	1346807786
144	6	11	1	1346809042
144	5	11	-1	1346809045
144	9	11	1	1346809052
144	14	11	-1	1346809033
144	43	11	-1	1346809048
145	64	1	1	1346808064
145	64	5	1	1346807479
145	64	7	1	1346807552
145	64	12	1	1346807925
145	64	17	1	1346807534
145	64	18	1	1346807998
145	64	19	1	1346807510
145	5	7	-1	1346807559
145	5	12	-1	1346807939
145	5	17	-1	1346807569
145	5	18	1	1346808049
145	32	7	1	1346807570
145	32	12	-1	1346807946
145	32	17	-1	1346807599
145	32	18	-1	1346808067
145	74	5	-1	1346807478
145	74	7	-1	1346807564
145	74	12	-1	1346807958
145	74	17	-1	1346807529
145	74	18	-1	1346807980
145	63	5	1	1346807486
145	63	7	-1	1346807556
145	63	12	1	1346807936
145	63	17	1	1346807560
145	63	18	-1	1346808035
145	19	5	-1	1346807489
145	19	7	-1	1346807558
145	19	12	1	1346807942
145	19	17	1	1346807562
145	19	18	-1	1346808039
145	19	19	-1	1346807532
145	17	5	-1	1346807484
145	17	7	-1	1346807554
145	17	12	1	1346807954
145	17	17	1	1346807553
145	17	18	1	1346808024
145	2	7	-1	1346807571
145	2	12	-1	1346807944
145	2	17	-1	1346807570
145	2	18	1	1346808060
145	3	5	-1	1346807482
145	3	7	-1	1346807554
145	3	12	-1	1346807928
145	3	17	-1	1346807537
145	3	18	-1	1346808008
146	65	8	1	1346806284
146	10	8	-1	1346806285
146	34	8	-1	1346806286
146	36	8	-1	1346806287
146	22	8	-1	1346806290
146	60	8	-1	1346806289
147	15	9	1	1346806886
147	15	14	-1	1346807352
147	15	16	1	1346807412
147	7	9	1	1346806846
147	7	14	-1	1346807321
147	7	16	1	1346807404
147	9	9	1	1346806836
147	9	14	1	1346807351
147	9	16	-1	1346807409
147	44	9	1	1346806902
147	44	14	-1	1346807355
147	44	16	-1	1346807419
147	3	9	-1	1346806897
147	3	14	-1	1346807354
147	3	16	1	1346807414
147	11	9	-1	1346806847
147	11	14	-1	1346807322
147	11	16	1	1346807406
148	78	13	-1	1346807353
148	67	13	-1	1346807351
148	49	2	1	1346807813
148	49	13	1	1346807352
148	71	13	1	1346807339
148	43	13	-1	1346807346
148	60	13	-1	1346807345
149	32	3	1	1346808031
149	32	4	1	1346808029
150	50	4	1	1346808198
150	50	7	1	1346808328
150	50	8	1	1346806723
150	50	14	-1	1346807393
150	30	2	-1	1346807849
150	30	4	1	1346808192
150	30	7	-1	1346807296
150	30	8	1	1346806736
150	30	14	1	1346807414
150	46	1	1	1346808183
150	46	2	1	1346808631
150	46	7	1	1346807297
150	46	8	-1	1346806735
150	46	14	1	1346807423
150	69	4	-1	1346808196
150	69	7	-1	1346808335
150	69	8	-1	1346806724
150	69	14	1	1346807395
150	54	7	-1	1346807299
150	54	8	-1	1346806734
150	54	14	-1	1346807426
150	60	7	-1	1346807300
150	60	8	-1	1346806733
150	60	14	-1	1346807425
151	78	3	-1	1346808114
151	78	16	1	1346807701
151	51	3	1	1346808111
151	51	16	1	1346807693
151	39	3	1	1346808112
151	39	16	1	1346807696
151	76	3	-1	1346808115
151	76	16	-1	1346807706
151	42	3	1	1346808113
151	42	16	1	1346807699
151	36	16	1	1346807843
152	30	5	-1	1346807349
152	30	9	1	1346806926
152	30	13	1	1346807384
152	40	5	1	1346807347
152	40	9	1	1346806939
152	40	13	1	1346807383
152	31	5	-1	1346807342
152	31	9	-1	1346806914
152	31	13	1	1346807376
152	74	5	-1	1346807344
152	74	9	-1	1346806915
152	74	13	1	1346807379
152	68	5	1	1346807351
152	68	9	1	1346806950
152	68	13	1	1346807386
152	24	5	1	1346807346
152	24	9	1	1346806917
152	24	13	1	1346807382
152	24	19	1	1346808085
153	32	12	1	1346807993
153	32	18	1	1346808114
153	39	12	-1	1346807991
153	39	18	-1	1346808104
153	45	12	-1	1346807977
153	45	18	-1	1346808095
153	16	12	-1	1346807980
153	16	18	-1	1346808102
153	2	12	1	1346807983
153	2	18	1	1346808094
153	49	12	1	1346807987
153	49	18	1	1346808101
154	63	17	1	1346807782
154	52	17	-1	1346807793
154	25	17	-1	1346807796
154	41	17	-1	1346807794
154	43	17	-1	1346807783
154	60	17	-1	1346808953
155	73	3	-1	1346807366
155	73	7	-1	1346808311
155	73	10	1	1346806687
155	73	12	-1	1346808036
155	73	16	-1	1346807907
155	21	3	1	1346807358
155	21	7	1	1346808315
155	21	11	1	1346808368
155	21	12	-1	1346808031
155	21	16	-1	1346807898
155	39	3	1	1346807370
155	39	7	-1	1346808313
155	39	10	1	1346806705
155	39	11	1	1346808382
155	39	12	1	1346808038
155	39	16	1	1346807911
155	39	19	1	1346806570
155	27	1	1	1346808228
155	27	3	1	1346807367
155	27	7	1	1346808312
155	27	10	-1	1346806699
155	27	11	-1	1346808378
155	27	12	1	1346808018
155	27	16	1	1346807909
155	27	19	1	1346806606
155	59	3	-1	1346807362
155	59	11	-1	1346808371
155	59	12	-1	1346808033
155	59	16	-1	1346807905
155	4	3	1	1346807359
155	4	7	-1	1346808368
155	4	10	-1	1346806694
155	4	11	-1	1346808353
155	4	12	-1	1346808010
155	4	16	1	1346807880
156	12	5	1	1346807597
156	12	6	1	1346809207
156	12	9	-1	1346807011
156	12	17	1	1346808233
156	38	5	1	1346807603
156	38	6	1	1346809199
156	38	9	-1	1346807026
156	38	17	1	1346808234
156	76	5	-1	1346807593
156	76	6	-1	1346809204
156	76	9	-1	1346807009
156	76	17	-1	1346808231
156	18	5	-1	1346807608
156	18	6	1	1346809211
156	18	9	-1	1346807019
156	18	17	1	1346808239
156	72	5	1	1346807612
156	72	6	-1	1346809209
156	72	9	-1	1346807015
156	72	17	-1	1346808237
156	2	5	1	1346807609
156	2	6	-1	1346809235
156	2	9	1	1346807018
156	2	17	-1	1346808238
157	5	8	-1	1346807537
157	5	13	-1	1346807411
157	30	2	1	1346807648
157	30	4	1	1346808254
157	30	8	1	1346808455
157	32	2	1	1346807918
157	32	4	1	1346808243
157	32	8	-1	1346808456
157	32	13	1	1346807409
157	39	4	-1	1346808255
157	39	8	-1	1346807534
157	39	13	1	1346807406
157	29	8	-1	1346807542
157	29	13	-1	1346807413
157	46	8	-1	1346807538
157	46	13	-1	1346807412
157	16	8	-1	1346807536
157	16	13	-1	1346807411
158	7	18	1	1346809510
158	72	18	-1	1346809504
158	17	18	-1	1346809514
158	42	18	-1	1346809505
158	41	18	1	1346809507
158	71	18	1	1346809506
159	8	14	-1	1346807468
159	45	14	-1	1346807467
159	17	14	-1	1346807466
159	69	14	-1	1346807467
159	14	14	1	1346807470
159	20	14	-1	1346807466
160	31	4	1	1346808281
160	31	9	1	1346807229
160	31	13	-1	1346807441
160	31	14	1	1346807565
160	31	16	-1	1346807950
160	31	17	1	1346808260
160	72	4	-1	1346808296
160	72	9	-1	1346807224
160	72	13	1	1346807437
160	72	14	-1	1346807572
160	72	16	1	1346807956
160	72	17	-1	1346808263
160	46	1	1	1346808244
160	46	4	-1	1346808294
160	46	9	1	1346807221
160	46	13	-1	1346807442
160	46	14	1	1346807568
160	46	16	1	1346807953
160	16	4	-1	1346808297
160	16	9	1	1346807210
160	16	13	-1	1346807439
160	16	14	1	1346807557
160	16	16	1	1346807941
160	16	17	1	1346808248
160	2	4	1	1346808293
160	2	9	-1	1346807260
160	2	13	1	1346807432
160	2	14	-1	1346807559
160	2	16	1	1346807948
160	2	17	-1	1346808258
160	70	4	-1	1346808291
160	70	9	1	1346807266
160	70	13	-1	1346807440
160	70	14	-1	1346807558
160	70	16	1	1346807945
160	70	17	-1	1346808256
161	79	3	1	1346807395
161	79	8	-1	1346806663
161	79	15	1	1346810638
161	29	3	1	1346807394
161	29	8	-1	1346806662
161	29	15	-1	1346810689
161	10	3	1	1346807392
161	10	8	-1	1346806661
161	10	15	1	1346810635
161	17	3	-1	1346807391
161	17	8	-1	1346806659
161	17	15	1	1346810696
161	42	3	1	1346807388
161	42	8	1	1346806657
161	42	15	-1	1346810700
161	69	3	1	1346807392
161	69	8	-1	1346806661
161	69	15	-1	1346810632
162	21	2	1	1346808007
162	21	5	1	1346807737
162	21	18	1	1346808155
162	21	19	1	1346809003
162	78	2	-1	1346808021
162	78	5	-1	1346807741
162	78	18	-1	1346808246
162	51	2	1	1346808030
162	51	5	1	1346807740
162	51	18	1	1346808225
162	7	2	1	1346808016
162	7	5	1	1346807718
162	7	18	1	1346808211
162	59	5	1	1346807703
162	59	18	1	1346808151
162	11	5	1	1346807715
162	11	18	-1	1346808207
163	32	10	1	1346806302
164	15	7	1	1346808103
164	15	12	1	1346808096
164	31	7	1	1346808096
164	31	12	1	1346808081
164	19	7	1	1346808079
164	19	12	-1	1346808082
164	25	7	-1	1346807936
164	25	12	1	1346808085
164	55	7	-1	1346808098
164	55	12	-1	1346808069
164	26	7	-1	1346808099
164	26	12	-1	1346808091
165	40	2	1	1346808063
165	40	3	1	1346807472
165	40	8	-1	1346807091
165	40	16	1	1346808034
165	40	18	1	1346808296
165	7	2	1	1346808278
165	7	3	-1	1346807473
165	7	8	1	1346807089
165	7	16	-1	1346808039
165	7	18	1	1346808295
165	29	3	1	1346807470
165	29	8	-1	1346807092
165	29	16	1	1346808026
165	29	18	-1	1346808297
165	10	1	1	1346808283
165	10	2	1	1346808276
165	10	3	1	1346807475
165	10	8	1	1346807093
165	10	16	1	1346808042
165	10	18	-1	1346808311
165	37	3	1	1346807469
165	37	8	-1	1346807093
165	37	16	-1	1346808023
165	37	18	-1	1346808298
165	11	3	1	1346807463
165	11	8	-1	1346807094
165	11	16	-1	1346808021
165	11	18	-1	1346808298
166	38	4	-1	1346808390
166	38	5	1	1346807779
166	38	12	-1	1346808114
166	78	4	-1	1346808407
166	78	5	-1	1346807811
166	78	12	-1	1346808153
166	25	4	-1	1346808399
166	25	5	-1	1346807807
166	25	12	1	1346808159
166	25	19	1	1346808659
166	55	4	1	1346808394
166	55	5	-1	1346807795
166	55	12	-1	1346808128
166	71	4	-1	1346808409
166	71	5	1	1346807809
166	71	12	-1	1346808138
166	20	4	1	1346808405
166	20	5	1	1346807813
166	20	12	1	1346808145
166	20	19	1	1346808662
167	32	7	1	1346808230
167	32	11	1	1346808272
167	32	17	1	1346808283
167	45	7	-1	1346808234
167	45	11	-1	1346808278
167	45	17	1	1346808288
167	56	7	1	1346808230
167	56	11	1	1346808295
167	56	17	-1	1346808285
167	61	7	-1	1346808232
167	61	17	1	1346808281
167	48	7	-1	1346808232
167	48	11	1	1346808310
167	48	17	1	1346808279
167	70	7	1	1346808227
167	70	17	-1	1346808276
168	79	13	1	1346807475
168	79	14	-1	1346807708
168	64	13	1	1346807473
168	64	14	-1	1346807708
168	30	13	1	1346807471
168	30	14	1	1346807703
168	51	13	-1	1346807480
168	51	14	1	1346807705
168	69	13	-1	1346807477
168	69	14	-1	1346807709
168	71	13	1	1346807476
168	71	14	-1	1346807711
169	33	6	-1	1346809277
169	33	9	1	1346807297
169	30	6	1	1346809276
169	30	9	1	1346807297
169	40	6	1	1346809269
169	40	9	1	1346807285
169	65	6	-1	1346809274
169	65	9	1	1346807293
169	9	6	-1	1346809290
169	9	9	1	1346807297
169	35	6	-1	1346809271
169	35	9	-1	1346807292
170	78	4	-1	1346808221
170	78	5	-1	1346807850
170	78	7	-1	1346808266
170	78	12	-1	1346808209
170	78	13	-1	1346807511
170	78	16	1	1346808084
170	32	1	1	1346808296
170	32	4	1	1346808219
170	32	5	1	1346807912
170	32	7	1	1346808385
170	32	12	1	1346808224
170	32	13	1	1346807510
170	32	16	1	1346808118
170	58	4	-1	1346808223
170	58	5	-1	1346807878
170	58	7	-1	1346808268
170	58	12	1	1346808223
170	58	13	-1	1346807512
170	58	16	1	1346808116
170	27	4	-1	1346808226
170	27	5	1	1346807849
170	27	7	1	1346808265
170	27	12	1	1346808206
170	27	13	-1	1346807511
170	27	16	1	1346808082
170	48	4	-1	1346808216
170	48	5	1	1346807853
170	48	7	1	1346808689
170	48	12	-1	1346808205
170	48	13	1	1346807507
170	48	16	1	1346808081
170	71	4	-1	1346808222
170	71	5	1	1346807907
170	71	7	-1	1346808283
170	71	12	-1	1346808220
170	71	13	-1	1346807513
170	71	16	-1	1346808132
171	15	3	1	1346807506
171	15	9	1	1346807330
171	15	17	1	1346808306
171	30	3	1	1346807497
171	30	9	1	1346807309
171	30	17	1	1346808297
171	65	3	1	1346807500
171	65	9	1	1346807324
171	65	17	1	1346808298
171	18	3	-1	1346807503
171	18	9	-1	1346807326
171	18	17	1	1346808301
171	45	3	-1	1346807504
171	45	9	-1	1346807328
171	45	17	1	1346808305
171	69	3	1	1346807499
171	69	9	-1	1346807307
171	69	17	-1	1346808296
172	8	6	1	1346809369
172	8	8	1	1346806575
172	8	14	-1	1346807808
172	51	6	1	1346809368
172	51	8	-1	1346806574
172	51	14	1	1346807805
172	74	6	-1	1346809378
172	74	8	-1	1346806571
172	74	14	1	1346807803
172	19	6	-1	1346809370
172	19	8	-1	1346806576
172	19	14	-1	1346807810
172	37	6	-1	1346809377
172	37	8	-1	1346806563
172	37	14	-1	1346807780
172	41	6	1	1346809375
172	41	8	-1	1346806567
172	41	14	1	1346807797
173	6	10	-1	1346806768
173	6	18	-1	1346806772
173	18	10	-1	1346806742
173	18	18	-1	1346806760
173	16	10	-1	1346806763
173	16	18	-1	1346806777
173	25	10	1	1346806743
173	25	18	1	1346806798
173	56	10	1	1346806761
173	56	18	1	1346806775
173	20	10	1	1346806745
173	20	18	1	1346806790
174	22	2	1	1346808133
175	51	3	1	1346807554
175	51	9	1	1346807352
175	51	14	1	1346807872
175	76	3	-1	1346807550
175	76	9	-1	1346807347
175	76	14	1	1346807844
175	18	3	-1	1346807556
175	18	9	1	1346807354
175	18	14	1	1346807922
175	45	3	-1	1346807552
175	45	9	1	1346807349
175	45	14	-1	1346807845
175	46	3	-1	1346807552
175	46	9	1	1346807350
175	46	14	-1	1346807908
175	41	3	1	1346807548
175	41	9	1	1346807340
175	41	14	1	1346807830
176	79	4	-1	1346808324
176	79	8	-1	1346806079
176	6	4	1	1346808326
176	6	8	1	1346806082
176	19	4	-1	1346808329
176	19	8	-1	1346806080
176	9	4	-1	1346808329
176	9	8	-1	1346806081
176	22	4	-1	1346808325
176	22	8	-1	1346806077
176	25	4	-1	1346808327
176	25	8	-1	1346806078
176	25	19	1	1346807882
177	31	5	1	1346807936
177	31	17	1	1346808347
177	31	18	1	1346808385
177	27	2	1	1346808237
177	27	5	1	1346807928
177	27	17	1	1346808332
177	27	18	-1	1346808342
177	35	5	-1	1346807938
177	35	17	-1	1346808350
177	35	18	1	1346808399
177	56	5	-1	1346807933
177	56	17	-1	1346808345
177	56	18	-1	1346808372
177	43	2	1	1346808248
177	43	5	1	1346807932
177	43	17	1	1346808342
177	43	18	-1	1346808363
177	60	5	-1	1346807930
177	60	17	-1	1346808340
177	60	18	1	1346808353
178	79	11	1	1346809102
178	79	13	1	1346807532
178	15	11	1	1346809115
178	15	13	1	1346807534
178	8	11	-1	1346809121
178	8	13	-1	1346807538
178	65	11	-1	1346809105
178	65	13	1	1346807534
178	34	11	-1	1346809124
178	34	13	-1	1346807538
178	11	11	-1	1346809118
178	11	13	1	1346807536
179	73	7	-1	1346808498
179	73	12	-1	1346808255
179	46	7	1	1346808490
179	46	12	1	1346808254
179	34	7	-1	1346808502
179	34	12	-1	1346808256
179	49	7	1	1346808504
179	49	12	1	1346808247
179	3	7	-1	1346808491
179	3	12	-1	1346808254
179	26	7	-1	1346808503
179	26	12	-1	1346808256
180	79	4	1	1346808478
180	79	13	-1	1346808141
180	79	16	1	1346808188
180	79	18	-1	1346808438
180	7	2	1	1346808677
180	7	4	1	1346808485
180	7	13	1	1346808137
180	7	16	1	1346808177
180	7	18	1	1346808427
180	19	4	-1	1346808487
180	19	13	-1	1346808143
180	19	16	1	1346808175
180	19	18	1	1346808423
180	42	2	-1	1346808671
180	42	4	-1	1346808487
180	42	13	-1	1346808143
180	42	16	-1	1346808172
180	42	18	-1	1346808420
180	56	4	1	1346808482
180	56	13	1	1346808138
180	56	16	1	1346808179
180	56	18	1	1346808429
180	60	4	-1	1346808488
180	60	13	-1	1346808146
180	60	16	1	1346808160
180	60	18	-1	1346808453
181	73	3	-1	1346807597
181	73	5	1	1346807999
181	73	12	-1	1346808286
181	73	17	1	1346808383
181	65	3	1	1346807594
181	65	5	1	1346807995
181	65	12	1	1346808283
181	65	17	1	1346808363
181	67	3	-1	1346807604
181	67	5	1	1346808009
181	67	12	1	1346808291
181	67	17	1	1346808390
181	34	3	1	1346807595
181	34	5	-1	1346807997
181	34	12	-1	1346808285
181	34	17	1	1346808365
181	35	3	1	1346807603
181	35	5	-1	1346808007
181	35	12	-1	1346808289
181	35	17	-1	1346808389
181	20	3	1	1346807601
181	20	5	1	1346808001
181	20	12	-1	1346808288
181	20	17	1	1346808388
182	64	7	1	1346807914
182	64	8	1	1346807579
182	40	7	-1	1346807917
182	40	8	-1	1346807583
182	8	7	-1	1346807916
182	8	8	-1	1346807582
182	76	7	-1	1346807915
182	76	8	-1	1346807580
182	68	7	-1	1346807915
182	68	8	-1	1346807581
182	24	7	1	1346807907
182	24	8	1	1346807583
183	31	14	-1	1346806970
183	63	10	1	1346806960
183	63	14	-1	1346806970
183	9	14	-1	1346806967
183	22	10	1	1346806955
183	22	14	1	1346806961
183	48	14	-1	1346806968
183	20	14	-1	1346806960
184	33	6	1	1346809413
184	33	9	1	1346807384
184	12	6	-1	1346809419
184	12	9	-1	1346807381
184	7	6	1	1346809425
184	7	9	1	1346807389
184	63	6	1	1346809417
184	63	9	-1	1346807382
184	57	6	-1	1346809412
184	57	9	-1	1346807387
184	47	6	-1	1346809437
184	47	9	-1	1346807379
185	64	3	-1	1346807633
185	64	12	-1	1346808307
185	64	16	1	1346808222
185	64	17	1	1346808402
185	38	3	-1	1346807640
185	38	12	-1	1346808325
185	38	16	1	1346808233
185	38	17	1	1346808405
185	8	3	-1	1346807649
185	8	10	-1	1346807587
185	8	12	-1	1346808322
185	8	16	1	1346808268
185	8	17	1	1346808412
185	32	3	1	1346807646
185	32	10	1	1346807583
185	32	12	1	1346808315
185	32	16	-1	1346808266
185	32	17	1	1346808409
185	35	3	1	1346807641
185	35	10	1	1346807012
185	35	12	-1	1346808315
185	35	16	1	1346808261
185	35	17	-1	1346808406
185	20	3	-1	1346807651
185	20	10	1	1346807016
185	20	12	-1	1346808322
185	20	16	-1	1346808271
185	20	17	1	1346808415
186	12	4	-1	1346808720
186	12	8	-1	1346806823
186	12	9	-1	1346807431
186	12	15	-1	1346810828
186	15	4	1	1346808723
186	15	8	-1	1346806837
186	15	9	1	1346807425
186	15	15	1	1346810817
186	63	4	-1	1346808718
186	63	8	-1	1346806822
186	63	9	-1	1346807432
186	63	15	-1	1346810825
186	49	4	-1	1346808724
186	49	8	-1	1346806838
186	49	9	1	1346807429
186	49	15	1	1346810740
186	22	4	-1	1346808716
186	22	8	-1	1346806821
186	22	9	-1	1346807440
186	22	15	-1	1346810823
186	24	4	1	1346808722
186	24	8	1	1346806836
186	24	9	1	1346807427
186	24	15	-1	1346810794
187	31	5	-1	1346808084
187	31	6	-1	1346810560
187	51	6	1	1346810526
187	51	19	1	1346808980
187	62	5	-1	1346808063
187	62	6	-1	1346810514
187	42	5	-1	1346808035
187	42	6	-1	1346810506
187	58	5	-1	1346808087
187	58	6	-1	1346810577
187	16	5	1	1346808039
187	16	6	1	1346810511
187	16	19	1	1346808900
187	3	5	-1	1346808090
187	3	6	-1	1346810524
188	73	13	1	1346808099
188	73	18	1	1346808481
188	50	13	1	1346808104
188	50	18	-1	1346808496
188	15	13	1	1346808098
188	15	18	1	1346808479
188	40	13	1	1346808102
188	40	18	1	1346808493
188	67	13	-1	1346808105
188	67	18	-1	1346808483
188	41	13	-1	1346808106
188	41	18	1	1346808492
189	39	2	1	1346808537
190	15	4	1	1346808958
190	15	8	-1	1346808874
190	15	9	1	1346807484
190	15	13	1	1346808241
190	15	16	1	1346808388
190	31	4	-1	1346808958
190	31	8	-1	1346808873
190	31	9	1	1346807483
190	31	13	-1	1346808239
190	31	16	-1	1346808385
190	51	4	-1	1346808957
190	51	8	-1	1346808871
190	51	9	1	1346807479
190	51	13	1	1346808237
190	51	16	1	1346808383
190	16	4	-1	1346808950
190	16	8	-1	1346808876
190	16	9	-1	1346807488
190	16	13	-1	1346808233
190	16	16	1	1346808365
190	69	4	-1	1346808951
190	69	8	-1	1346808876
190	69	9	-1	1346807461
190	69	13	-1	1346808234
190	69	16	1	1346808374
190	24	4	1	1346808955
190	24	8	1	1346808870
190	24	9	1	1346807478
190	24	13	1	1346808236
190	24	16	1	1346808376
191	73	3	-1	1346807932
191	73	5	-1	1346808361
191	50	3	1	1346807935
191	50	5	1	1346808363
191	50	19	1	1346808697
191	57	3	1	1346807957
191	57	5	-1	1346808369
191	17	3	-1	1346807936
191	17	5	-1	1346808365
191	9	3	-1	1346807937
191	9	5	1	1346808366
191	3	3	-1	1346807952
191	3	5	-1	1346808368
192	5	2	1	1346808726
192	5	17	1	1346808428
192	5	18	1	1346808518
192	40	17	1	1346808429
192	40	18	1	1346808519
192	38	17	1	1346808424
192	38	18	1	1346808513
192	46	17	1	1346808432
192	46	18	-1	1346808521
192	47	17	1	1346808438
192	47	18	-1	1346808522
192	11	17	-1	1346808426
192	11	18	-1	1346808515
193	19	10	-1	1346807533
193	19	12	-1	1346807697
193	42	10	1	1346807537
193	42	12	-1	1346807704
193	46	12	1	1346807703
193	16	12	1	1346807709
193	41	12	1	1346807706
193	20	12	1	1346807695
194	39	11	1	1346809184
194	72	11	-1	1346809189
194	28	11	-1	1346809191
194	61	11	-1	1346809192
194	43	11	1	1346809178
194	20	11	1	1346809194
195	73	1	1	1346809974
195	73	2	1	1346808764
195	73	6	1	1346810603
195	73	10	1	1346809296
195	31	6	-1	1346810619
195	31	10	1	1346808460
195	51	6	1	1346810625
195	51	10	1	1346809304
195	18	2	1	1346808757
195	18	6	-1	1346810611
195	18	10	-1	1346808468
195	61	6	1	1346810637
195	61	10	-1	1346808471
195	54	6	-1	1346810619
195	54	10	1	1346808458
196	21	5	1	1346808394
196	21	9	1	1346807534
196	21	18	1	1346808563
196	5	5	1	1346808390
196	5	9	1	1346807542
196	5	18	1	1346808558
196	42	5	-1	1346808393
196	42	9	-1	1346807526
196	42	18	-1	1346808562
196	16	5	-1	1346808391
196	16	9	-1	1346807538
196	16	18	-1	1346808561
196	22	5	1	1346808387
196	22	9	-1	1346807548
196	22	18	1	1346808537
196	14	5	1	1346808388
196	14	9	1	1346807546
196	14	18	-1	1346808547
197	38	11	-1	1346809222
197	38	13	-1	1346808267
197	38	15	-1	1346810930
197	38	17	1	1346808446
197	19	11	-1	1346809225
197	19	13	1	1346808263
197	19	15	-1	1346810897
197	19	17	1	1346808455
197	46	11	-1	1346809229
197	46	13	-1	1346808262
197	46	15	1	1346810893
197	46	17	1	1346808454
197	34	11	-1	1346809232
197	34	13	1	1346808259
197	34	15	-1	1346810901
197	34	17	-1	1346808452
197	59	11	1	1346809235
197	59	13	1	1346808265
197	59	15	1	1346810914
197	59	17	1	1346808449
197	48	11	1	1346809219
197	48	13	-1	1346808268
197	48	15	1	1346810889
197	48	17	1	1346808445
198	40	12	-1	1346808350
198	40	16	-1	1346808516
198	51	12	-1	1346808356
198	51	16	-1	1346808412
198	46	12	1	1346808357
198	46	16	1	1346808449
198	25	12	-1	1346808355
198	25	16	1	1346808414
198	14	12	-1	1346808362
198	14	16	-1	1346808503
198	20	12	-1	1346808352
198	20	16	-1	1346808499
199	6	4	1	1346808343
199	6	8	1	1346807064
199	51	8	-1	1346807065
199	67	8	1	1346807068
199	58	8	-1	1346807065
199	27	8	-1	1346807069
200	5	4	1	1346809079
200	5	5	1	1346808412
200	5	9	1	1346807577
200	5	13	1	1346808296
200	30	4	1	1346809082
200	30	5	-1	1346808416
200	30	9	1	1346807581
200	30	11	1	1346809280
200	30	13	1	1346808285
200	65	4	1	1346809080
200	65	5	1	1346808414
200	65	9	1	1346807579
200	65	11	-1	1346809276
200	65	13	1	1346808284
200	63	5	-1	1346808419
200	63	9	-1	1346807584
200	63	11	-1	1346809286
200	63	13	-1	1346808300
200	57	5	-1	1346808417
200	57	9	-1	1346807583
200	57	11	-1	1346809283
200	57	13	-1	1346808300
200	58	5	-1	1346808413
200	58	9	-1	1346807578
200	58	11	-1	1346809274
200	58	13	-1	1346808297
201	40	10	1	1346808354
201	40	15	1	1346811000
201	40	17	1	1346808474
201	59	15	1	1346811005
201	59	17	1	1346808471
201	52	10	-1	1346809211
201	52	15	-1	1346811024
201	52	17	-1	1346808469
201	56	15	-1	1346811022
201	56	17	-1	1346808470
201	43	15	1	1346810969
201	43	17	-1	1346808479
201	20	10	1	1346809219
201	20	15	1	1346810972
201	20	17	1	1346808474
202	50	12	-1	1346808427
202	50	16	1	1346808536
202	50	18	-1	1346808586
202	46	12	-1	1346808448
202	46	16	1	1346808553
202	46	18	-1	1346808605
202	35	12	-1	1346808443
202	35	16	1	1346808549
202	35	18	1	1346808602
202	25	2	1	1346808797
202	25	12	1	1346808449
202	25	16	1	1346808555
202	25	18	1	1346808606
202	44	12	-1	1346808441
202	44	16	-1	1346808545
202	44	18	-1	1346808601
202	48	2	1	1346808800
202	48	12	1	1346808439
202	48	16	1	1346808543
202	48	18	1	1346808587
203	15	3	1	1346808178
203	15	8	1	1346806714
203	65	3	1	1346808177
203	65	8	1	1346806708
203	51	3	1	1346808183
203	51	8	-1	1346806713
203	46	3	-1	1346808182
203	46	8	-1	1346806713
203	34	3	1	1346808189
203	34	8	-1	1346806711
203	56	3	-1	1346808186
203	56	8	-1	1346806712
204	33	6	-1	1346810683
204	33	15	1	1346811103
204	33	16	1	1346808594
204	21	6	1	1346810668
204	21	15	1	1346811071
204	21	16	-1	1346808588
204	32	6	1	1346810672
204	32	15	-1	1346811077
204	32	16	1	1346808597
204	59	6	1	1346810719
204	59	10	1	1346808287
204	59	15	1	1346811080
204	59	16	1	1346808579
204	3	6	-1	1346810658
204	3	10	1	1346808290
204	3	15	-1	1346811095
204	3	16	1	1346808580
204	24	1	1	1346808346
204	24	6	1	1346810665
204	24	10	1	1346808292
204	24	15	1	1346811067
204	24	16	1	1346808583
205	78	9	-1	1346807605
205	78	12	-1	1346808470
205	78	18	-1	1346808649
205	51	9	-1	1346807640
205	51	12	-1	1346808475
205	51	18	1	1346808671
205	27	9	-1	1346807639
205	27	12	1	1346808464
205	27	18	-1	1346808672
205	34	9	1	1346807632
205	34	12	1	1346808474
205	34	18	1	1346808666
205	44	9	1	1346807646
205	44	12	-1	1346808468
205	44	18	-1	1346808664
205	11	9	1	1346807650
205	11	12	-1	1346808467
205	11	18	-1	1346808642
206	50	3	1	1346808212
206	50	8	-1	1346807053
206	50	13	-1	1346808341
206	50	17	1	1346808495
206	15	3	1	1346808216
206	15	8	1	1346807051
206	15	13	1	1346808335
206	15	17	-1	1346808506
206	76	3	-1	1346808213
206	76	8	-1	1346807052
206	76	13	-1	1346808343
206	46	3	-1	1346808215
206	46	8	-1	1346807051
206	46	13	-1	1346808345
206	46	17	1	1346808503
206	68	3	1	1346808214
206	68	8	-1	1346807052
206	68	13	1	1346808336
206	68	17	1	1346808502
206	60	3	-1	1346808211
206	60	8	-1	1346807053
206	60	13	-1	1346808341
206	60	17	1	1346808493
207	65	11	-1	1346809304
207	65	19	1	1346807209
207	78	11	-1	1346809307
207	78	19	1	1346807207
207	17	11	1	1346809330
207	46	11	-1	1346809323
207	35	11	-1	1346809320
207	24	11	1	1346809329
208	79	4	-1	1346808157
208	79	5	1	1346808435
208	5	4	1	1346808156
208	5	5	1	1346808472
208	72	4	-1	1346808159
208	72	5	1	1346808433
208	14	4	-1	1346808161
208	14	5	-1	1346808453
208	71	4	-1	1346808163
208	71	5	1	1346808465
208	24	4	1	1346808162
208	24	5	1	1346808466
209	12	3	-1	1346808262
209	12	4	-1	1346809205
209	12	6	-1	1346810746
209	12	9	-1	1346807691
209	12	13	-1	1346808440
209	12	18	-1	1346808719
209	28	3	-1	1346808264
209	28	4	-1	1346809207
209	28	6	1	1346810749
209	28	9	1	1346807699
209	28	13	-1	1346808443
209	28	18	1	1346808721
209	44	1	1	1346808371
209	44	3	1	1346808231
209	44	4	1	1346809199
209	44	6	1	1346810743
209	44	9	1	1346807682
209	44	13	1	1346808437
209	44	18	1	1346808708
209	55	3	1	1346808266
209	55	4	1	1346809202
209	55	6	-1	1346810751
209	55	9	1	1346807700
209	55	13	1	1346808445
209	55	18	1	1346808723
209	71	3	-1	1346808261
209	71	4	-1	1346809204
209	71	6	-1	1346810744
209	71	9	1	1346807682
209	71	13	1	1346808439
209	71	18	1	1346808709
209	43	3	1	1346808263
209	43	4	-1	1346809206
209	43	6	-1	1346810747
209	43	9	1	1346807693
209	43	13	1	1346808441
209	43	18	1	1346808721
210	38	8	-1	1346807017
210	65	8	1	1346807014
210	65	17	1	1346808589
210	76	8	-1	1346807016
210	76	10	-1	1346808259
210	76	17	-1	1346808584
210	45	8	-1	1346807014
210	45	17	1	1346808591
210	47	8	-1	1346807016
210	47	10	-1	1346808257
210	47	17	-1	1346808583
210	35	8	-1	1346807015
210	35	10	1	1346808262
210	35	17	1	1346808587
211	8	2	1	1346808840
211	8	11	-1	1346809352
211	8	12	1	1346808501
211	8	19	-1	1346809103
211	17	11	1	1346809357
211	17	12	1	1346808530
211	42	11	-1	1346809347
211	42	12	-1	1346808491
211	46	11	-1	1346809355
211	46	12	-1	1346808535
211	22	12	-1	1346808504
211	60	2	1	1346808841
211	60	12	1	1346808523
211	60	19	1	1346809098
212	12	5	1	1346808492
212	12	16	1	1346808621
212	29	5	1	1346808493
212	29	16	1	1346808622
212	46	5	-1	1346808495
212	46	16	1	1346808625
212	47	5	-1	1346808498
212	47	16	1	1346808631
212	68	5	-1	1346808499
212	68	16	-1	1346808633
212	24	5	1	1346808497
212	24	16	1	1346808629
213	12	15	-1	1346811159
213	67	15	-1	1346811147
213	62	15	-1	1346811153
213	37	15	-1	1346811150
213	59	15	1	1346811139
213	56	15	-1	1346811132
214	39	2	1	1346808918
214	39	6	-1	1346810778
214	39	11	1	1346809381
214	39	17	1	1346809012
214	76	6	-1	1346810783
214	76	11	-1	1346809392
214	76	17	1	1346809004
214	62	6	-1	1346810782
214	62	11	-1	1346809390
214	62	17	1	1346809006
214	27	1	1	1346808400
214	27	2	1	1346808917
214	27	6	1	1346810778
214	27	11	-1	1346809382
214	27	17	1	1346809013
214	36	6	1	1346810778
214	36	11	-1	1346809389
214	36	17	1	1346809018
214	70	6	1	1346810775
214	70	11	-1	1346809388
214	70	17	-1	1346809018
215	72	9	-1	1346807730
215	72	12	-1	1346808643
215	19	9	-1	1346807724
215	19	12	-1	1346808645
215	68	9	1	1346807727
215	68	12	1	1346808653
215	68	19	1	1346809063
215	22	9	-1	1346807726
215	22	12	1	1346808650
215	48	9	1	1346807719
215	48	12	-1	1346808646
215	24	9	1	1346807728
215	24	12	1	1346808629
216	29	5	1	1346808545
216	29	8	-1	1346807002
216	29	13	-1	1346808520
216	29	16	1	1346808668
216	42	5	-1	1346808532
216	42	8	-1	1346807004
216	42	13	-1	1346808525
216	42	16	-1	1346808656
216	46	5	-1	1346808542
216	46	8	1	1346807001
216	46	13	-1	1346808520
216	46	16	1	1346808665
216	52	5	1	1346808537
216	52	8	-1	1346807003
216	52	13	1	1346808501
216	52	16	-1	1346808660
216	20	5	1	1346808535
216	20	8	-1	1346807004
216	20	13	-1	1346808527
216	20	16	-1	1346808654
216	54	5	-1	1346808540
216	54	8	1	1346808785
216	54	13	1	1346808522
216	54	16	1	1346808663
217	12	3	-1	1346808293
217	12	15	-1	1346811180
217	8	3	-1	1346808296
217	8	15	-1	1346811184
217	39	3	1	1346808287
217	39	15	1	1346811175
217	10	3	1	1346808288
217	10	15	1	1346811176
217	19	3	-1	1346808295
217	19	15	-1	1346811182
217	46	3	-1	1346808290
217	46	15	1	1346811177
218	64	4	-1	1346808813
218	64	18	1	1346808755
218	78	4	-1	1346808811
218	78	18	-1	1346808754
218	39	4	1	1346808814
218	39	18	-1	1346808758
218	49	4	-1	1346808806
218	49	18	-1	1346808753
218	44	4	-1	1346808815
218	44	18	-1	1346808762
218	26	4	1	1346808810
218	26	18	1	1346808770
219	64	4	1	1346808575
219	64	9	1	1346807765
219	64	12	-1	1346808680
219	64	13	1	1346808825
219	64	16	1	1346808727
219	6	1	1	1346808418
219	6	4	1	1346808576
219	6	9	1	1346807847
219	6	12	1	1346808685
219	6	13	1	1346808824
219	6	16	1	1346808728
219	74	4	-1	1346808579
219	74	9	-1	1346807851
219	74	12	-1	1346808693
219	74	13	-1	1346808831
219	74	16	1	1346808738
219	45	4	-1	1346808577
219	45	9	1	1346807848
219	45	12	1	1346808688
219	45	13	-1	1346808829
219	45	16	-1	1346808733
219	22	4	-1	1346808580
219	22	9	-1	1346807938
219	22	12	-1	1346808669
219	22	13	-1	1346808826
219	22	16	1	1346808725
219	41	4	-1	1346808578
219	41	9	1	1346807850
219	41	12	1	1346808695
219	41	13	-1	1346808830
219	41	16	1	1346808736
220	50	5	1	1346808585
220	50	8	-1	1346806976
220	12	5	1	1346808595
220	12	8	-1	1346806981
220	8	5	1	1346808593
220	8	8	1	1346806978
220	8	10	-1	1346808618
220	67	5	1	1346808596
220	67	8	1	1346806980
220	52	5	-1	1346808591
220	52	8	-1	1346806977
220	52	10	1	1346808615
220	25	5	-1	1346808590
220	25	8	-1	1346806976
221	51	2	-1	1346808942
221	51	3	1	1346808320
221	51	15	1	1346811220
221	51	19	1	1346808752
221	63	3	-1	1346808328
221	63	19	1	1346808201
221	10	2	1	1346808936
221	10	3	1	1346808332
221	10	15	1	1346811216
221	46	3	-1	1346808331
221	46	15	1	1346811215
221	46	19	1	1346808205
221	11	3	-1	1346808325
221	11	15	1	1346811230
221	20	3	-1	1346808323
221	20	15	1	1346811211
222	6	11	1	1346809412
222	39	11	1	1346809417
222	46	11	-1	1346809415
222	25	11	-1	1346809418
222	54	11	-1	1346809421
222	4	11	-1	1346809414
223	79	7	-1	1346808443
223	79	17	1	1346809029
223	6	7	1	1346808451
223	6	17	1	1346809034
223	76	7	-1	1346808452
223	16	7	-1	1346808444
223	16	17	1	1346809031
223	47	7	-1	1346808448
223	47	17	1	1346809032
223	61	7	1	1346808450
223	61	17	1	1346809033
224	73	3	-1	1346808361
224	73	7	-1	1346808549
224	73	8	1	1346806695
224	72	3	-1	1346808362
224	72	7	-1	1346808547
224	72	8	-1	1346806689
224	72	10	-1	1346808634
224	69	2	1	1346809334
224	69	3	1	1346808368
224	69	7	-1	1346808542
224	69	8	-1	1346806686
224	52	3	-1	1346808353
224	52	7	-1	1346808557
224	52	8	-1	1346806692
224	52	10	-1	1346808629
224	14	1	1	1346808434
224	14	2	1	1346808956
224	14	3	1	1346808364
224	14	7	1	1346808546
224	14	8	-1	1346806696
224	61	3	1	1346808359
224	61	7	-1	1346808556
224	61	8	-1	1346806691
225	15	9	1	1346807958
225	15	15	1	1346811261
225	15	19	1	1346808818
225	39	9	1	1346807978
225	39	15	1	1346811263
225	39	19	1	1346808807
225	49	9	1	1346807980
225	49	15	1	1346811264
225	49	19	-1	1346808811
225	11	9	-1	1346808095
225	11	15	1	1346811270
225	54	9	-1	1346808094
225	54	15	-1	1346811267
225	60	9	-1	1346807956
225	60	15	1	1346811282
226	38	5	1	1346808645
226	38	13	1	1346808887
226	38	18	1	1346808809
226	65	5	1	1346808643
226	65	13	1	1346808881
226	65	18	1	1346808807
226	51	5	1	1346808644
226	51	13	-1	1346808883
226	51	18	-1	1346808808
226	32	5	-1	1346808647
226	32	13	1	1346808889
226	32	18	-1	1346808823
226	46	5	-1	1346808648
226	46	13	-1	1346808891
226	46	18	-1	1346808824
226	4	5	1	1346808650
226	4	13	-1	1346808892
226	4	18	-1	1346808826
227	5	16	-1	1346808773
227	5	17	-1	1346808874
227	62	16	1	1346808766
227	62	17	1	1346808865
227	2	16	1	1346808769
227	2	17	-1	1346808868
227	49	16	1	1346808771
227	49	17	1	1346808871
227	36	16	1	1346808777
227	36	17	1	1346808875
227	60	16	1	1346808768
227	60	17	1	1346808866
228	64	4	1	1346808749
228	64	12	1	1346808728
228	18	4	-1	1346808745
228	18	12	-1	1346808715
228	57	4	-1	1346808744
228	57	12	1	1346808739
228	34	4	-1	1346808753
228	34	12	-1	1346808725
228	71	4	-1	1346808752
228	71	12	-1	1346808721
228	20	4	1	1346808764
228	20	12	-1	1346808729
229	74	4	-1	1346808596
229	74	13	-1	1346808937
229	74	17	1	1346808827
229	19	4	-1	1346808599
229	19	13	-1	1346808943
229	19	17	1	1346808838
229	58	4	-1	1346808598
229	58	13	-1	1346808937
229	58	17	1	1346808830
229	36	4	-1	1346808598
229	36	13	1	1346808943
229	36	17	1	1346808852
229	55	4	1	1346808590
229	55	13	1	1346808945
229	55	15	1	1346811362
229	55	17	1	1346808824
229	60	1	1	1346808460
229	60	4	1	1346808591
229	60	13	1	1346808935
229	60	15	1	1346811363
229	60	17	1	1346808825
230	5	9	1	1346808215
230	5	11	1	1346809462
230	5	14	1	1346809853
230	51	9	-1	1346808212
230	51	11	-1	1346809456
230	51	14	1	1346809846
230	45	9	-1	1346808225
230	45	11	1	1346809477
230	45	14	-1	1346809849
230	10	9	-1	1346808184
230	10	11	-1	1346809451
230	10	14	-1	1346809848
230	41	9	-1	1346808221
230	41	11	1	1346809460
230	41	14	-1	1346809851
230	54	9	1	1346808215
230	54	11	-1	1346809463
230	54	14	-1	1346809854
231	6	8	1	1346808148
231	6	12	-1	1346808820
231	6	18	-1	1346808891
231	63	8	-1	1346808151
231	63	12	-1	1346808822
231	63	18	-1	1346808883
231	49	8	-1	1346808153
231	49	12	-1	1346808816
231	49	18	-1	1346808846
231	52	8	-1	1346808151
231	52	12	1	1346808840
231	52	18	-1	1346808872
231	61	8	-1	1346808154
231	61	12	1	1346808824
231	61	18	-1	1346808860
231	71	8	-1	1346808150
231	71	12	-1	1346808829
231	71	18	1	1346808899
231	53	2	1	1346809156
232	76	3	-1	1346808388
232	76	10	-1	1346808657
232	58	3	-1	1346808381
232	46	3	-1	1346808383
232	46	10	-1	1346808662
232	9	3	-1	1346808387
232	9	10	-1	1346808655
232	47	3	1	1346808386
232	47	10	-1	1346808653
232	43	3	1	1346808384
232	43	10	1	1346808646
233	40	9	1	1346808246
233	40	10	-1	1346808686
233	40	12	-1	1346808899
233	78	2	-1	1346809303
233	78	9	-1	1346808245
233	78	12	-1	1346808884
233	76	9	-1	1346808240
233	76	12	-1	1346808900
233	46	1	1	1346808483
233	46	2	1	1346809311
233	46	9	1	1346808254
233	46	12	1	1346808883
233	22	9	1	1346808255
233	22	10	1	1346808682
233	22	12	-1	1346808881
233	35	9	1	1346808253
233	35	12	-1	1346808901
234	50	3	-1	1346808429
234	50	8	1	1346806967
234	50	18	-1	1346808939
234	51	3	1	1346808419
234	51	8	-1	1346806963
234	51	18	1	1346808957
234	19	3	-1	1346808423
234	19	8	-1	1346806966
234	19	18	-1	1346808951
234	17	3	-1	1346808431
234	17	8	-1	1346806968
234	17	18	-1	1346808947
234	9	3	-1	1346808421
234	9	8	-1	1346806964
234	9	18	1	1346808965
234	49	3	1	1346808427
234	49	8	-1	1346806966
234	49	18	-1	1346808950
235	64	5	1	1346808712
235	7	5	1	1346808701
235	47	5	-1	1346808699
235	55	5	1	1346808714
235	48	5	1	1346808709
235	70	5	1	1346808698
236	6	4	1	1346808610
236	6	13	1	1346808966
236	40	4	1	1346808609
236	40	13	1	1346808964
236	32	4	1	1346808613
236	32	13	1	1346808971
236	37	4	-1	1346808618
236	37	13	-1	1346808973
236	20	4	-1	1346808620
236	20	13	-1	1346808970
236	60	4	-1	1346808621
236	60	13	-1	1346808969
237	21	17	-1	1346808814
237	29	17	1	1346809051
237	58	17	1	1346808816
237	69	17	1	1346808817
237	22	17	1	1346808812
237	61	17	1	1346808811
238	6	3	-1	1346808497
238	6	4	1	1346808643
238	6	5	1	1346808774
238	6	7	1	1346808665
238	6	8	-1	1346808901
238	6	18	1	1346809007
238	37	3	1	1346808512
238	37	4	-1	1346808655
238	37	5	-1	1346808779
238	37	7	1	1346808661
238	37	8	-1	1346808906
238	37	18	-1	1346809043
238	27	3	1	1346808495
238	27	4	1	1346808642
238	27	5	1	1346808743
238	27	7	1	1346808658
238	27	8	1	1346808900
238	27	18	-1	1346809006
238	36	3	-1	1346808500
238	36	4	-1	1346808653
238	36	5	-1	1346808777
238	36	8	-1	1346808904
238	36	18	1	1346809034
238	41	3	1	1346808514
238	41	4	-1	1346808656
238	41	5	-1	1346808782
238	41	7	1	1346808661
238	41	8	-1	1346808907
238	41	18	1	1346809045
238	54	3	1	1346808498
238	54	4	-1	1346808645
238	54	5	-1	1346808775
238	54	8	-1	1346808903
238	54	18	1	1346809022
239	32	11	1	1346809502
239	32	13	1	1346809140
239	32	15	-1	1346811418
239	47	11	-1	1346809506
239	47	13	-1	1346809142
239	47	15	-1	1346811423
239	49	11	-1	1346809501
239	49	13	-1	1346809139
239	49	15	1	1346811417
239	35	11	1	1346809512
239	35	13	1	1346809140
239	35	15	1	1346811420
239	24	11	1	1346809515
239	24	13	1	1346809145
239	24	15	1	1346811425
239	24	19	1	1346806776
239	4	11	-1	1346809507
239	4	13	-1	1346809146
239	4	15	-1	1346811427
240	18	2	1	1346809371
240	18	9	1	1346808290
240	18	17	1	1346808795
240	57	9	-1	1346808283
240	57	17	1	1346808799
240	42	2	-1	1346809364
240	42	9	-1	1346808284
240	42	17	-1	1346808800
240	34	9	1	1346808288
240	34	17	1	1346808798
240	22	9	-1	1346808285
240	22	17	-1	1346808801
240	20	9	1	1346808276
240	20	17	1	1346808797
241	64	10	1	1346808740
241	64	16	-1	1346808866
241	12	16	1	1346808877
241	65	10	1	1346808742
241	65	16	1	1346808872
241	63	10	1	1346808744
241	63	16	-1	1346808874
241	46	16	1	1346808869
241	36	16	-1	1346808864
242	5	12	-1	1346809082
242	5	14	-1	1346809893
242	40	12	-1	1346809083
242	40	14	-1	1346809893
242	72	12	1	1346809091
242	72	14	1	1346809892
242	27	12	-1	1346809089
242	27	14	-1	1346809890
242	3	12	-1	1346809095
242	3	14	-1	1346809892
242	70	12	-1	1346809088
242	70	14	-1	1346809890
243	64	10	1	1346808775
243	64	11	1	1346809533
243	64	13	1	1346809182
243	64	15	1	1346811485
243	64	17	1	1346808776
243	12	10	-1	1346808779
243	12	11	-1	1346809537
243	12	13	-1	1346809172
243	12	15	-1	1346811492
243	12	17	1	1346808783
243	51	10	1	1346808776
243	51	11	-1	1346809535
243	51	13	-1	1346809178
243	51	15	1	1346811487
243	51	17	-1	1346808780
243	39	2	1	1346809402
243	39	10	1	1346808773
243	39	11	1	1346809530
243	39	13	1	1346809176
243	39	15	1	1346811442
243	39	17	1	1346808775
243	76	10	-1	1346808778
243	76	11	-1	1346809536
243	76	13	-1	1346809173
243	76	15	-1	1346811491
243	76	17	1	1346808782
243	19	10	-1	1346808780
243	19	11	-1	1346809539
243	19	13	1	1346809171
243	19	15	-1	1346811492
243	19	17	-1	1346808787
244	8	9	-1	1346808310
244	8	16	1	1346808829
244	63	9	-1	1346808304
244	63	16	1	1346808824
244	47	9	-1	1346808307
244	47	16	1	1346808823
244	41	9	1	1346808306
244	41	16	-1	1346808826
244	71	9	1	1346808312
244	71	16	-1	1346808830
244	20	9	1	1346808308
244	20	16	-1	1346808828
245	30	5	-1	1346808803
245	30	8	-1	1346806944
245	30	12	-1	1346809134
245	65	5	1	1346808800
245	65	8	1	1346806942
245	65	12	-1	1346809138
245	29	5	1	1346808805
245	29	8	-1	1346806945
245	29	12	1	1346809140
245	62	5	-1	1346808799
245	62	8	-1	1346806943
245	62	12	-1	1346809136
245	27	5	1	1346808806
245	27	8	-1	1346806946
245	27	12	1	1346809141
245	26	5	-1	1346808802
245	26	8	-1	1346806943
245	26	12	-1	1346809135
246	6	3	-1	1346808579
246	6	4	-1	1346808893
246	76	3	-1	1346808575
246	76	4	-1	1346808891
246	42	3	1	1346808576
246	42	4	-1	1346808892
246	61	3	1	1346808582
246	61	4	1	1346808879
246	48	3	-1	1346808585
246	48	4	-1	1346808895
246	11	3	1	1346808584
246	11	4	-1	1346808895
247	73	18	-1	1346809080
247	39	18	-1	1346809083
247	18	18	-1	1346809095
247	45	18	-1	1346809081
247	9	18	1	1346809113
247	36	18	1	1346809103
248	38	4	1	1346809248
248	38	5	1	1346808818
248	38	9	-1	1346808331
248	38	12	-1	1346809169
248	38	16	1	1346808937
248	42	4	-1	1346809247
248	42	5	-1	1346808820
248	42	9	-1	1346808332
248	42	12	-1	1346809154
248	42	16	-1	1346808939
248	37	4	-1	1346809245
248	37	5	-1	1346808824
248	37	9	-1	1346808392
248	37	12	-1	1346809157
248	37	16	-1	1346808944
248	49	4	-1	1346809246
248	49	5	1	1346808822
248	49	9	1	1346808364
248	49	12	-1	1346809151
248	49	16	1	1346808942
248	35	4	1	1346809242
248	35	5	-1	1346808827
248	35	9	1	1346808371
248	35	12	-1	1346809160
248	35	16	1	1346808949
248	11	4	-1	1346809244
248	11	5	1	1346808825
248	11	9	1	1346808376
248	11	12	1	1346809159
248	11	16	1	1346808946
249	33	3	-1	1346808554
249	33	8	-1	1346808931
249	33	18	-1	1346809147
249	65	3	1	1346808551
249	65	8	1	1346808930
249	65	18	1	1346809144
249	65	19	1	1346809657
249	19	3	-1	1346808550
249	19	8	-1	1346808934
249	19	18	-1	1346809143
249	55	3	1	1346808556
249	55	8	1	1346808933
249	55	18	1	1346809149
249	48	3	1	1346808549
249	48	8	-1	1346808935
249	48	18	1	1346809141
249	20	3	-1	1346808547
249	20	8	-1	1346808935
249	20	18	1	1346809140
250	21	15	1	1346811513
250	39	15	1	1346811519
250	58	15	-1	1346811523
250	69	2	1	1346809996
250	69	15	-1	1346811514
250	3	15	-1	1346811517
250	61	15	-1	1346811522
251	64	10	1	1346809029
251	64	13	1	1346809105
251	29	10	-1	1346809033
251	29	13	-1	1346809103
251	57	10	-1	1346809129
251	57	13	-1	1346809107
251	37	13	-1	1346809102
251	16	13	-1	1346809108
251	70	10	1	1346809125
251	70	13	-1	1346809106
252	38	11	-1	1346809591
252	38	17	1	1346808761
252	32	11	1	1346809566
252	32	17	1	1346808767
252	76	11	-1	1346809568
252	76	17	1	1346808767
252	62	11	-1	1346809586
252	62	17	1	1346808760
252	17	11	1	1346809562
252	17	17	1	1346808762
252	14	11	-1	1346809576
252	14	17	1	1346808765
253	12	3	-1	1346808813
253	12	8	-1	1346806930
253	12	10	-1	1346809263
253	29	3	-1	1346808803
253	29	8	-1	1346806928
253	16	3	-1	1346808813
253	16	8	-1	1346806931
253	16	10	-1	1346809270
253	47	3	-1	1346808804
253	47	8	-1	1346806930
253	47	10	-1	1346809273
253	52	3	-1	1346808802
253	52	8	-1	1346806929
253	41	3	1	1346808812
253	41	8	-1	1346806931
253	41	10	1	1346809267
254	65	11	-1	1346809673
254	65	13	1	1346809205
254	65	14	-1	1346809913
254	57	11	1	1346809674
254	57	13	-1	1346809210
254	57	14	1	1346809914
254	22	11	-1	1346809682
254	22	13	-1	1346809208
254	22	14	1	1346809921
254	35	11	-1	1346809676
254	35	13	-1	1346809210
254	35	14	-1	1346809917
254	25	11	-1	1346809680
254	25	13	-1	1346809209
254	25	14	-1	1346809921
254	61	11	-1	1346809678
254	61	13	1	1346809206
254	61	14	-1	1346809919
255	73	5	1	1346808849
255	73	9	1	1346808416
255	73	17	1	1346808749
255	73	18	-1	1346809185
255	5	5	1	1346808847
255	5	17	1	1346808748
255	5	18	1	1346809192
255	40	5	1	1346808835
255	40	9	1	1346808409
255	40	17	1	1346808744
255	40	18	1	1346809168
255	38	5	1	1346808852
255	38	9	-1	1346808418
255	38	17	1	1346808751
255	38	18	1	1346809186
255	72	5	1	1346808844
255	72	9	-1	1346808413
255	72	17	1	1346808746
255	72	18	-1	1346809177
255	70	5	1	1346808843
255	70	9	1	1346808412
255	70	17	-1	1346808745
255	70	18	-1	1346809170
256	12	4	-1	1346809012
256	12	16	1	1346809018
256	30	4	1	1346809002
256	30	16	1	1346809009
256	18	4	-1	1346809008
256	42	4	-1	1346809009
256	42	16	-1	1346809014
256	2	4	-1	1346809013
256	2	16	-1	1346809027
256	3	4	1	1346808999
256	3	16	1	1346809020
257	79	12	1	1346809199
257	63	12	1	1346809191
257	58	12	1	1346809187
257	37	12	1	1346809190
257	52	12	-1	1346809200
257	4	12	-1	1346809194
258	7	4	1	1346809267
258	7	5	1	1346808904
258	7	13	1	1346809243
258	7	15	1	1346811752
258	7	17	1	1346808725
258	19	4	-1	1346809273
258	19	5	-1	1346808913
258	19	13	-1	1346809250
258	19	15	-1	1346811770
258	19	17	1	1346808735
258	2	4	-1	1346809272
258	2	5	1	1346808911
258	2	13	-1	1346809249
258	2	15	-1	1346811769
258	2	17	-1	1346808734
258	3	1	1	1346808501
258	3	4	1	1346809268
258	3	5	-1	1346808906
258	3	13	1	1346809244
258	3	15	-1	1346811754
258	3	17	-1	1346808727
258	11	4	-1	1346809270
258	11	5	1	1346808909
258	11	13	1	1346809248
258	11	15	-1	1346811767
258	11	17	-1	1346808733
258	20	4	-1	1346809269
258	20	5	1	1346808908
258	20	13	-1	1346809247
258	20	15	1	1346811759
258	20	17	-1	1346808730
259	30	9	1	1346808451
259	30	16	-1	1346809074
259	30	18	-1	1346809216
259	27	9	-1	1346808457
259	27	16	1	1346809088
259	27	18	-1	1346809239
259	41	9	-1	1346808460
259	41	16	1	1346809076
259	41	18	1	1346809225
259	56	9	1	1346808457
259	56	16	1	1346809085
259	56	18	1	1346809239
259	61	9	1	1346808434
259	61	16	-1	1346809072
259	61	18	1	1346809208
259	70	9	1	1346808455
259	70	16	1	1346809079
259	70	18	1	1346809227
260	18	2	1	1346809485
260	18	8	-1	1346806911
260	18	11	1	1346809708
260	18	12	1	1346809220
260	45	2	-1	1346809488
260	45	8	-1	1346806910
260	45	11	-1	1346809705
260	45	12	1	1346809287
260	9	8	1	1346806908
260	9	11	1	1346809699
260	9	12	-1	1346809266
260	36	8	-1	1346806914
260	36	11	-1	1346809709
260	36	12	-1	1346809276
260	52	8	1	1346806909
260	52	11	-1	1346809703
260	52	12	-1	1346809264
260	14	2	1	1346809493
260	14	8	-1	1346806910
260	14	11	1	1346809701
260	14	12	-1	1346809246
261	64	3	-1	1346808623
261	47	3	1	1346808626
261	35	3	1	1346808627
261	35	10	1	1346808933
261	52	3	1	1346808629
261	52	10	-1	1346808942
261	20	3	-1	1346808628
261	54	3	1	1346808625
261	54	10	1	1346808947
262	64	19	1	1346809029
262	69	19	1	1346809771
262	60	19	1	1346809019
263	64	3	1	1346808658
263	64	4	1	1346809154
263	64	9	1	1346808480
263	64	12	1	1346809320
263	64	15	1	1346811790
263	64	18	1	1346809288
263	21	1	1	1346808520
263	21	3	1	1346808641
263	21	4	1	1346809146
263	21	9	1	1346808472
263	21	12	-1	1346809303
263	21	15	1	1346811783
263	21	18	1	1346809262
263	67	3	-1	1346808656
263	67	4	-1	1346809151
263	67	9	-1	1346808477
263	67	12	-1	1346809312
263	67	18	-1	1346809284
263	47	3	1	1346808656
263	47	4	-1	1346809157
263	47	9	-1	1346808478
263	47	12	-1	1346809316
263	47	18	-1	1346809284
263	34	3	1	1346808654
263	34	4	-1	1346809149
263	34	9	1	1346808473
263	34	12	1	1346809308
263	34	15	1	1346811785
263	34	18	1	1346809282
263	48	3	-1	1346808657
263	48	4	-1	1346809156
263	48	9	1	1346808479
263	48	12	-1	1346809317
263	48	15	1	1346811789
263	48	18	1	1346809286
264	76	11	-1	1346809743
264	76	13	-1	1346809330
264	76	16	-1	1346809177
264	67	11	1	1346809741
264	67	13	1	1346809324
264	67	16	-1	1346809174
264	25	2	-1	1346809546
264	25	11	-1	1346809732
264	25	13	-1	1346809319
264	25	16	1	1346809112
264	41	2	-1	1346809546
264	41	11	-1	1346809730
264	41	13	-1	1346809316
264	41	16	1	1346809110
264	61	2	1	1346809550
264	61	11	1	1346809739
264	61	13	1	1346809322
264	61	16	1	1346809114
264	60	2	1	1346809541
264	60	11	-1	1346809745
264	60	13	1	1346809322
264	60	16	1	1346809169
265	72	19	1	1346809679
266	74	5	-1	1346808927
266	7	5	1	1346808929
266	58	5	-1	1346808936
266	47	5	-1	1346808934
266	56	5	-1	1346808931
266	71	5	1	1346808932
267	73	8	1	1346806893
267	73	17	1	1346808714
267	21	8	1	1346806899
267	21	17	-1	1346808717
267	74	8	-1	1346806892
267	74	17	1	1346808712
267	3	8	-1	1346806897
267	3	17	-1	1346808705
267	70	8	-1	1346806894
267	70	17	1	1346808717
267	4	8	-1	1346806891
267	4	17	1	1346808706
268	64	1	1	1346808532
268	64	2	1	1346809568
268	64	4	1	1346808923
268	64	5	1	1346808977
268	64	15	1	1346811812
268	74	4	-1	1346808928
268	74	5	-1	1346808982
268	9	4	-1	1346808927
268	9	5	1	1346808954
268	44	4	-1	1346808925
268	44	5	1	1346808975
268	44	15	1	1346811811
268	14	4	1	1346808921
268	14	5	-1	1346808980
268	56	4	1	1346808922
268	56	5	-1	1346808979
268	56	15	-1	1346811813
269	64	16	-1	1346809224
269	64	18	-1	1346809332
269	39	16	1	1346809227
269	39	18	-1	1346809333
269	18	16	1	1346809208
269	18	18	-1	1346809315
269	55	16	1	1346809206
269	55	18	1	1346809313
269	3	16	1	1346809221
269	3	18	-1	1346809324
269	61	16	1	1346809199
269	61	18	1	1346809312
269	61	19	1	1346809345
270	6	10	-1	1346808561
270	6	12	-1	1346809347
270	6	13	1	1346809382
270	67	12	-1	1346809373
270	67	13	1	1346809385
270	72	10	-1	1346808559
270	72	12	-1	1346809351
270	72	13	1	1346809376
270	19	10	-1	1346808558
270	19	12	1	1346809401
270	19	13	1	1346809378
270	27	10	1	1346808564
270	27	12	1	1346809406
270	27	13	-1	1346809383
270	71	12	-1	1346809394
270	71	13	1	1346809380
271	15	3	1	1346808674
271	15	8	-1	1346806877
271	45	3	-1	1346808680
271	45	8	1	1346806879
271	10	3	1	1346808676
271	10	8	1	1346806874
271	19	3	-1	1346808682
271	19	8	-1	1346806881
271	34	3	1	1346808678
271	34	8	-1	1346806876
271	56	3	-1	1346808681
271	56	8	-1	1346806880
272	38	9	-1	1346808497
272	38	17	1	1346808652
272	8	9	-1	1346808492
272	8	17	-1	1346808644
272	42	9	-1	1346808490
272	42	17	-1	1346808643
272	9	9	1	1346808502
272	9	17	1	1346808654
272	34	9	-1	1346808493
272	34	17	-1	1346808646
272	59	9	1	1346808503
272	59	17	1	1346808651
273	15	3	-1	1346808693
273	15	4	1	1346806651
273	15	8	1	1346806865
273	15	15	1	1346811846
273	15	16	-1	1346809292
273	74	1	1	1346808551
273	74	4	1	1346806656
273	74	8	-1	1346806854
273	74	15	-1	1346811842
273	74	16	1	1346809288
273	34	3	-1	1346808695
273	34	4	-1	1346806663
273	34	8	-1	1346806863
273	34	15	-1	1346811851
273	34	16	1	1346809301
273	49	3	1	1346808691
273	49	4	-1	1346806666
273	49	8	-1	1346806855
273	49	15	1	1346811841
273	49	16	1	1346809268
273	36	3	-1	1346808694
273	36	4	-1	1346806664
273	36	8	-1	1346806860
273	36	15	-1	1346811849
273	36	16	1	1346809294
273	35	3	1	1346808691
273	35	4	-1	1346806668
273	35	8	1	1346806852
273	35	15	1	1346811840
273	35	16	-1	1346809266
274	65	2	-1	1346809584
274	65	10	1	1346808596
274	65	11	1	1346809782
274	65	19	1	1346809375
274	74	2	1	1346809593
274	74	11	-1	1346809775
274	18	2	1	1346809580
274	18	10	-1	1346808595
274	18	11	1	1346809781
274	18	19	1	1346809696
274	42	2	1	1346809591
274	42	11	-1	1346809774
274	42	19	1	1346809699
274	46	11	-1	1346809778
274	43	10	1	1346808598
274	43	11	-1	1346809772
275	64	7	-1	1346808641
275	64	12	1	1346809450
275	64	13	1	1346809451
275	64	18	-1	1346809359
275	50	7	1	1346808637
275	50	12	-1	1346809435
275	50	13	1	1346809464
275	50	18	-1	1346809373
275	31	7	1	1346808640
275	31	12	1	1346809437
275	31	13	1	1346809456
275	31	18	1	1346809360
275	67	7	-1	1346808643
275	67	12	-1	1346809432
275	67	13	-1	1346809464
275	67	18	-1	1346809372
275	45	7	-1	1346808642
275	45	12	-1	1346809432
275	45	13	-1	1346809460
275	45	18	-1	1346809371
275	37	7	-1	1346808642
275	37	12	-1	1346809430
275	37	13	-1	1346809458
275	37	18	-1	1346809369
276	50	5	1	1346809006
276	50	17	1	1346808695
276	15	5	-1	1346809004
276	15	17	1	1346808694
276	51	5	1	1346808998
276	51	17	-1	1346808690
276	2	5	1	1346809003
276	2	17	1	1346808693
276	22	5	1	1346809001
276	22	17	1	1346808692
276	44	5	1	1346808994
276	44	17	1	1346808689
277	79	9	1	1346805730
277	16	9	-1	1346805706
277	35	9	-1	1346805736
277	52	9	1	1346805739
277	25	9	-1	1346805693
277	44	9	1	1346805726
