28
68
51
37
37
28
38
28
28
28
28
28
28
10
10
4
42
34
34
34
34
10
10
10
10
10
10
24
24
24
24
24
24
24
24
24
24
24
24
24
42
42
42
28
28
59
38
63
40
40
40
40
72
67
67
67
12
12
12
12
12
12
12
12
12
38
28
1
1
1
25
25
25
25
25
25
1
67
67
87
1
1
1
92
34
93
72
54
51
8
61
61
92
67
81
81
81
81
81
81
71
12
82
82
14
37
67
12
28
61
28
61
37
79
24
48
42
40
99
93
93
1
62
62
24
95
30
27
67
78
48
87
79
72
99
40
40
40
42
34
99
34
99
99
99
99
99
78
78
14
14
38
49
66
67
48
48
48
48
48
48
48
99
50
44
2
51
21
59
59
72
72
72
72
57
50
48
42
33
57
1
51
54
67
51
51
22
68
51
80
80
99
31
31
12
57
49
42
68
68
67
54
54
99
99
99
99
99
99
99
99
99
99
42
68
68
59
3
3
3
98
98
98
98
98
98
98
98
98
98
98
98
98
98
98
98
98
98
98
98
98
98
51
38
28
28
22
99
80
19
87
71
87
87
51
92
47
47
99
93
41
22
67
94
93
68
7
97
22
99
99
99
54
92
0
42
37
87
40
40
40
40
40
40
65
1
85
73
81
81
81
81
81
81
87
1
1
70
87
81
81
72
38
63
12
97
97
12
34
94
94
67
51
66
40
40
40
40
40
40
34
34
67
81
81
92
57
40
72
22
41
72
82
16
82
86
72
43
95
66
62
62
62
62
62
62
62
62
62
62
62
62
79
63
92
22
51
51
51
38
8
8
8
8
8
8
8
8
8
8
8
8
63
22
22
22
28
38
63
63
63
92
92
92
92
92
92
92
92
92
92
92
92
92
92
92
92
92
92
84
84
84
92
92
92
92
92
92
92
67
38
38
84
84
84
84
84
84
84
84
84
97
21
25
92
63
87
61
43
61
63
71
92
54
92
92
87
92
43
51
54
42
42
42
42
42
51
66
66
66
40
40
40
40
81
81
81
54
29
95
95
95
38
38
72
34
72
97
97
97
56
67
44
44
31
81
44
65
72
38
38
65
71
73
92
63
63
18
42
48
51
24
11
81
81
81
42
72
81
65
8
40
40
40
40
28
4
34
34
61
60
60
60
60
60
60
82
85
92
51
37
67
92
1
22
18
18
24
67
68
99
1
24
99
93
7
10
4
24
24
24
24
24
24
24
24
69
63
67
72
73
67
82
82
82
51
99
82
82
82
82
82
82
82
82
82
82
82
82
82
82
82
70
51
73
22
51
72
92
51
38
1
1
51
51
67
92
51
72
51
90
82
51
51
48
22
79
43
92
22
92
73
73
67
9
87
51
22
16
61
86
22
43
22
22
51
61
67
67
67
43
0
67
67
1
71
11
71
97
71
0
71
63
63
90
63
16
43
97
10
72
71
39
12
40
40
90
70
70
24
24
10
42
10
10
4
53
19
19
40
73
22
22
1
22
67
67
60
1
48
65
12
79
19
1
1
86
1
72
34
24
18
38
24
24
24
24
4
4
4
4
4
4
4
4
4
4
4
4
54
81
81
40
40
40
40
40
81
62
7
7
7
13
4
2
42
72
99
54
61
72
80
18
81
28
71
28
38
68
71
99
32
54
54
4
51
71
71
63
4
63
38
38
38
38
38
38
67
67
42
42
87
38
81
81
24
38
71
78
81
81
93
38
38
71
9
38
38
38
38
65
65
51
65
50
54
50
65
18
48
74
68
8
39
38
38
71
71
19
87
43
63
71
48
38
38
38
38
38
37
68
18
43
72
72
67
43
71
28
43
87
43
17
0
43
38
73
1
93
93
93
93
93
93
93
95
71
56
10
9
9
9
96
51
9
9
1
1
51
36
58
57
48
98
51
51
51
51
51
51
51
51
51
51
51
51
51
51
51
51
51
51
51
51
51
51
72
51
51
51
72
51
72
72
72
51
51
51
51
51
51
51
51
51
51
51
51
51
51
43
63
86
22
28
25
25
25
13
90
9
90
63
63
92
7
1
22
86
4
22
97
51
66
51
86
40
1
1
1
1
81
4
92
92
43
92
41
1
72
66
4
42
72
23
8
13
58
72
73
42
56
67
44
44
31
81
44
72
40
1
1
1
1
1
28
28
56
37
1
74
87
25
28
68
87
28
12
12
12
28
24
24
42
4
4
4
4
4
4
4
4
4
4
73
41
21
52
82
28
28
13
72
95
95
63
92
4
4
99
4
68
42
4
87
66
73
99
92
42
58
72
72
99
99
99
42
92
28
99
99
99
28
22
1
51
51
51
67
36
73
86
18
7
60
60
93
58
58
58
58
58
92
28
92
92
63
82
7
63
73
28
82
86
81
81
81
87
99
99
99
67
7
1
7
7
7
7
7
7
7
7
1
12
1
1
1
7
7
92
92
63
7
13
7
7
71
71
13
7
7
7
67
67
67
7
40
40
40
7
7
12
7
7
7
7
7
7
7
7
71
40
40
40
40
40
71
28
28
71
24
4
24
10
10
10
10
10
10
10
10
10
10
10
10
10
10
82
82
1
71
94
81
81
81
81
81
81
81
81
82
82
82
82
71
67
67
67
71
72
99
99
99
71
71
42
50
71
71
54
51
51
51
51
50
50
50
51
42
28
28
10
10
10
10
10
10
34
34
34
34
34
34
34
10
10
34
34
4
42
42
42
94
34
24
4
72
19
42
11
81
81
81
81
81
81
81
81
81
81
71
71
71
81
81
81
95
10
43
23
21
28
28
22
10
81
81
81
81
81
34
34
12
81
81
85
57
94
94
7
7
7
34
42
72
72
72
81
61
42
67
67
67
67
97
71
97
97
71
43
99
99
99
99
43
71
12
34
94
1
1
1
1
81
71
40
40
40
40
40
40
28
38
71
38
51
51
71
71
71
38
28
38
38
38
67
38
45
78
71
87
51
19
51
38
99
99
99
78
13
13
53
22
38
34
72
72
72
72
72
72
72
72
72
72
72
19
71
12
87
18
18
18
18
18
18
18
18
71
18
18
18
18
18
18
18
38
38
28
71
71
71
71
92
92
71
92
71
40
40
40
40
40
40
40
40
67
71
14
14
14
71
87
87
87
71
42
68
51
87
72
54
67
47
73
82
87
71
48
71
97
71
86
71
67
67
71
67
67
92
63
71
92
92
43
31
47
47
47
47
47
80
59
59
92
28
34
34
92
87
92
87
92
92
92
40
6
92
73
98
92
1
10
4
92
68
87
