1	36	6	-1	1346804724
1	36	8	1	1346804805
1	36	24	1	1346804723
1	36	26	-1	1346804614
1	37	1	1	1346804568
1	37	6	-1	1346804754
1	37	8	1	1346804816
1	37	24	1	1346804731
1	37	26	1	1346804623
1	37	27	1	1346762306
1	49	2	1	1346804470
1	49	6	1	1346804730
1	49	8	1	1346804804
1	49	24	-1	1346804718
1	49	26	1	1346804697
1	49	27	1	1346804764
1	55	6	1	1346804752
1	55	8	1	1346804849
1	55	24	1	1346804730
1	55	26	1	1346804686
1	64	6	-1	1346804755
1	64	8	-1	1346804812
1	64	24	-1	1346804737
1	64	26	-1	1346804651
1	67	6	1	1346804747
1	67	8	-1	1346804802
1	67	24	1	1346804677
1	67	26	-1	1346804570
2	4	10	-1	1346804584
2	4	21	1	1346804598
2	4	23	1	1346804653
2	7	21	-1	1346804604
2	7	23	1	1346804665
2	23	10	-1	1346804661
2	23	21	-1	1346804648
2	23	23	1	1346804652
2	40	10	1	1346804709
2	40	21	-1	1346804644
2	40	23	-1	1346804647
2	49	10	-1	1346804589
2	49	21	1	1346804640
2	49	23	-1	1346804672
2	66	10	1	1346804687
2	66	21	-1	1346804629
2	66	23	1	1346804662
3	3	9	-1	1346804684
3	3	18	-1	1346804670
3	9	9	-1	1346804597
3	9	18	-1	1346804634
3	13	9	-1	1346804606
3	13	14	1	1346804737
3	13	18	1	1346804772
3	24	9	1	1346804591
3	24	14	-1	1346804710
3	24	18	1	1346804676
3	49	9	-1	1346804606
3	49	18	1	1346804755
3	68	9	1	1346804594
3	68	14	1	1346804714
3	68	18	-1	1346804721
4	5	7	-1	1346804593
4	5	19	1	1346804685
4	26	7	1	1346804585
4	26	19	-1	1346804785
4	45	7	-1	1346804595
4	45	19	1	1346804689
4	48	7	1	1346804584
4	48	19	-1	1346804782
4	49	7	1	1346804749
4	49	19	1	1346804690
4	54	7	-1	1346804594
4	54	19	-1	1346804772
5	9	5	1	1346804738
5	9	13	1	1346804714
5	21	13	-1	1346804674
5	30	13	-1	1346804673
5	34	13	1	1346804712
5	42	13	-1	1346804665
5	43	13	-1	1346804567
6	10	1	1	1346805049
6	10	2	1	1346804926
6	10	6	1	1346804813
6	10	8	1	1346804948
6	10	18	-1	1346804873
6	10	21	1	1346805096
6	25	6	-1	1346804832
6	25	8	-1	1346804938
6	25	18	-1	1346804836
6	25	21	1	1346804984
6	28	6	1	1346804830
6	28	8	-1	1346804945
6	28	18	-1	1346804852
6	28	21	-1	1346805095
6	33	6	-1	1346804825
6	33	8	-1	1346804942
6	33	18	-1	1346804837
6	33	21	-1	1346804987
6	50	2	1	1346805118
6	50	6	-1	1346804802
6	50	8	1	1346804952
6	50	18	1	1346804897
6	50	21	1	1346805110
6	63	6	-1	1346804804
6	63	8	-1	1346804950
6	63	18	1	1346804885
6	63	21	-1	1346805097
7	4	10	-1	1346804736
7	4	19	-1	1346805100
7	33	10	-1	1346804740
7	33	19	-1	1346805103
7	34	10	-1	1346804780
7	34	19	-1	1346805098
7	39	10	-1	1346804752
7	39	19	1	1346805054
7	55	10	1	1346804773
7	55	19	1	1346805097
7	67	10	-1	1346804792
7	67	19	-1	1346805136
8	27	13	-1	1346804850
8	27	14	-1	1346804495
8	27	26	-1	1346804802
8	33	13	-1	1346804866
8	33	26	-1	1346804841
8	42	13	-1	1346804857
8	42	14	-1	1346804491
8	42	26	-1	1346804830
8	48	13	-1	1346804853
8	48	14	1	1346804468
8	48	26	1	1346804808
8	58	13	1	1346804869
8	58	14	1	1346804480
8	58	26	1	1346804867
8	62	5	1	1346804943
8	62	13	1	1346804758
8	62	26	1	1346804785
9	26	7	1	1346805161
9	26	27	1	1346804816
9	30	7	-1	1346806282
9	30	27	1	1346805186
9	33	7	-1	1346806289
9	44	7	1	1346804898
9	44	27	1	1346805219
9	45	7	1	1346804847
9	45	27	1	1346805182
9	52	7	-1	1346806285
9	52	27	-1	1346805189
9	64	7	1	1346804957
9	64	27	-1	1346805227
10	11	9	-1	1346804793
10	11	24	1	1346804797
10	15	9	-1	1346804794
10	15	24	1	1346804822
10	48	9	-1	1346804766
10	48	24	-1	1346804763
10	56	9	-1	1346804799
10	56	24	1	1346804774
10	65	9	1	1346804797
10	65	24	-1	1346804832
10	66	9	1	1346804801
10	66	24	1	1346804765
11	8	6	1	1346804873
11	8	8	1	1346805002
11	8	10	-1	1346804948
11	8	19	-1	1346805280
11	14	6	1	1346804893
11	14	8	1	1346805009
11	14	10	-1	1346804918
11	14	19	1	1346805187
11	24	1	1	1346805174
11	24	2	1	1346805191
11	24	6	1	1346804869
11	24	8	1	1346804996
11	24	10	1	1346804919
11	24	19	1	1346805274
11	31	6	-1	1346804896
11	31	8	-1	1346805013
11	31	10	-1	1346804914
11	31	19	-1	1346805330
11	40	6	-1	1346804901
11	40	8	-1	1346805085
11	40	10	-1	1346804912
11	40	14	1	1346804947
11	40	19	-1	1346805354
11	53	6	-1	1346804888
11	53	8	-1	1346805004
11	53	10	-1	1346804964
11	53	14	1	1346804970
11	53	19	1	1346805210
12	10	7	1	1346805353
12	10	13	1	1346804897
12	10	23	1	1346805455
12	11	7	-1	1346805337
12	11	13	1	1346804901
12	11	23	1	1346805463
12	25	7	1	1346805367
12	25	13	1	1346804906
12	25	23	1	1346805476
12	34	7	-1	1346805363
12	34	13	1	1346804902
12	34	23	1	1346805469
12	37	7	1	1346805332
12	37	13	1	1346804894
12	37	23	-1	1346805451
12	53	7	1	1346805384
12	53	13	1	1346804928
12	53	23	-1	1346805483
13	3	9	1	1346805326
13	3	18	-1	1346805524
13	3	24	1	1346805010
13	10	9	-1	1346805336
13	10	18	-1	1346805333
13	10	24	-1	1346805052
13	26	9	1	1346805345
13	26	18	1	1346805514
13	26	24	1	1346805009
13	49	9	-1	1346805335
13	49	18	1	1346804969
13	49	24	-1	1346805017
13	68	9	1	1346805331
13	68	18	-1	1346804993
13	68	24	1	1346805014
13	72	5	1	1346805207
13	72	9	-1	1346805338
13	72	18	-1	1346805419
13	72	24	1	1346805054
14	2	21	1	1346805148
14	2	27	1	1346805381
14	15	21	1	1346805180
14	26	21	-1	1346805185
14	34	21	1	1346805199
14	55	21	-1	1346805163
14	65	21	-1	1346805161
14	65	27	1	1346805373
15	1	22	1	1346809301
15	1	26	-1	1346805093
15	19	22	-1	1346809365
15	19	26	1	1346805189
15	32	22	-1	1346809338
15	32	26	1	1346805155
15	57	22	1	1346809313
15	57	26	1	1346805082
15	61	22	-1	1346809333
15	61	26	-1	1346805141
15	62	22	1	1346809305
15	62	26	1	1346805174
16	25	7	1	1346805265
16	25	9	-1	1346804914
16	25	13	1	1346804968
16	25	24	1	1346805121
16	27	1	-1	1346805502
16	27	7	1	1346805270
16	27	9	-1	1346804923
16	27	13	-1	1346804952
16	27	24	-1	1346805112
16	54	7	-1	1346805261
16	54	9	-1	1346804910
16	54	13	-1	1346804956
16	54	24	1	1346805115
16	56	7	-1	1346805298
16	56	9	-1	1346804919
16	56	13	1	1346804949
16	56	24	-1	1346805094
16	66	1	1	1346805332
16	66	7	1	1346805282
16	66	9	1	1346804931
16	66	13	1	1346804946
16	66	24	1	1346805086
16	72	7	1	1346805267
16	72	9	-1	1346804914
16	72	13	-1	1346804961
16	72	24	1	1346805122
17	5	6	-1	1346805343
17	5	21	-1	1346805395
17	5	23	-1	1346805375
17	12	5	1	1346805328
17	12	6	1	1346805317
17	12	21	1	1346805333
17	12	23	1	1346805362
17	31	5	-1	1346805320
17	31	6	-1	1346805320
17	31	21	1	1346805272
17	31	23	1	1346805360
17	42	6	1	1346805346
17	42	21	1	1346805373
17	42	23	1	1346805366
17	46	6	1	1346805359
17	46	21	1	1346805383
17	46	23	-1	1346805369
17	66	5	1	1346805326
17	66	6	-1	1346805334
17	66	21	-1	1346805405
17	66	23	-1	1346805380
18	7	8	1	1346805182
18	7	10	1	1346805041
18	7	26	1	1346805365
18	12	2	1	1346805341
18	12	8	1	1346805265
18	12	10	1	1346805038
18	12	26	1	1346805346
18	19	8	-1	1346805110
18	19	10	1	1346805060
18	19	26	-1	1346805239
18	20	8	-1	1346805311
18	20	10	-1	1346805065
18	20	26	-1	1346805277
18	52	8	-1	1346805116
18	52	10	1	1346805049
18	52	26	1	1346805295
18	60	8	1	1346805225
18	60	10	1	1346805077
18	60	26	-1	1346805319
19	19	14	1	1346805019
19	19	18	-1	1346805209
19	23	18	-1	1346805198
19	26	18	-1	1346805206
19	39	14	1	1346805049
19	39	18	-1	1346805196
19	46	18	1	1346805203
19	63	14	1	1346805079
19	63	18	1	1346805199
20	3	17	1	1346808477
20	3	19	1	1346805381
20	4	17	1	1346808428
20	4	19	-1	1346805389
20	15	17	1	1346808448
20	15	19	1	1346805388
20	28	17	1	1346808459
20	28	19	-1	1346805435
20	41	17	-1	1346808408
20	41	19	-1	1346805384
20	57	17	-1	1346808413
20	57	19	-1	1346805450
21	1	2	1	1346805407
21	1	18	-1	1346805635
21	1	21	1	1346805476
21	1	26	-1	1346805437
21	5	18	-1	1346805623
21	5	21	-1	1346805482
21	5	23	-1	1346805551
21	5	26	-1	1346805469
21	7	1	1	1346805626
21	7	18	-1	1346805604
21	7	21	-1	1346805485
21	7	23	1	1346805553
21	7	26	-1	1346805480
21	8	18	-1	1346805600
21	8	21	-1	1346805474
21	8	23	1	1346805547
21	8	26	-1	1346805427
21	9	1	1	1346805604
21	9	18	-1	1346805584
21	9	21	1	1346805469
21	9	23	1	1346805533
21	9	26	1	1346805407
21	51	1	1	1346805597
21	51	18	1	1346805570
21	51	21	1	1346805472
21	51	23	1	1346805537
21	51	26	1	1346805419
22	2	6	-1	1346804994
22	2	7	-1	1346805447
22	2	8	1	1346805405
22	2	10	-1	1346805189
22	9	6	1	1346804980
22	9	7	1	1346805496
22	9	8	-1	1346805558
22	9	10	-1	1346805198
22	10	6	1	1346804983
22	10	7	1	1346805482
22	10	8	-1	1346805487
22	10	10	-1	1346805177
22	24	6	-1	1346804990
22	24	7	-1	1346805479
22	24	8	1	1346805471
22	24	10	1	1346805173
22	36	6	-1	1346804995
22	36	7	-1	1346805474
22	36	8	-1	1346805402
22	36	10	-1	1346805184
22	70	6	-1	1346804992
22	70	7	-1	1346805445
22	70	8	1	1346805469
22	70	10	-1	1346805191
23	2	13	1	1346805082
23	2	19	1	1346805485
23	2	24	1	1346805505
23	6	13	1	1346805084
23	6	19	1	1346805512
23	6	24	-1	1346805513
23	56	13	-1	1346805091
23	56	19	-1	1346805480
23	56	24	1	1346805477
23	57	13	1	1346804986
23	57	19	1	1346805483
23	57	24	1	1346805471
23	62	13	1	1346805082
23	62	19	1	1346805479
23	62	24	1	1346805497
23	69	13	1	1346805050
23	69	19	1	1346805476
23	69	24	-1	1346805473
24	13	14	1	1346805136
24	13	27	1	1346805484
24	24	14	-1	1346805139
24	34	27	1	1346805477
24	57	14	1	1346805141
25	3	22	1	1346809601
25	20	9	1	1346804988
25	20	22	1	1346809540
25	49	22	-1	1346809545
25	58	9	-1	1346804976
25	58	22	-1	1346809541
25	67	22	-1	1346809573
26	6	6	1	1346805062
26	6	8	1	1346805663
26	6	10	1	1346805238
26	6	19	1	1346805550
26	6	24	-1	1346805540
26	10	6	1	1346805073
26	10	8	-1	1346805611
26	10	10	-1	1346805225
26	10	19	1	1346805590
26	10	24	1	1346805539
26	18	6	-1	1346805077
26	18	8	1	1346805604
26	18	10	-1	1346805219
26	18	14	1	1346805238
26	18	19	-1	1346805583
26	18	24	1	1346805534
26	27	1	1	1346805759
26	27	6	-1	1346805078
26	27	8	-1	1346805602
26	27	10	-1	1346805222
26	27	19	1	1346805584
26	27	24	1	1346805531
26	41	6	-1	1346805075
26	41	8	1	1346805609
26	41	10	1	1346805214
26	41	19	-1	1346805542
26	41	24	1	1346805536
26	45	6	1	1346805063
26	45	8	-1	1346805645
26	45	10	-1	1346805217
26	45	14	1	1346805236
26	45	19	1	1346805541
26	45	24	-1	1346805535
27	12	13	-1	1346805156
27	12	21	1	1346805566
27	14	13	-1	1346805127
27	14	21	-1	1346805520
27	21	13	-1	1346805139
27	21	21	1	1346805560
27	27	13	-1	1346805164
27	27	21	1	1346805582
27	39	13	1	1346805127
27	39	21	-1	1346805538
27	64	13	-1	1346805135
27	64	21	-1	1346805547
28	3	9	-1	1346806031
28	3	23	1	1346805577
28	4	9	-1	1346806029
28	4	23	1	1346805592
28	22	2	1	1346805601
28	22	9	1	1346806026
28	22	23	1	1346805598
28	39	2	1	1346805587
28	39	5	-1	1346805541
28	39	9	-1	1346806028
28	39	23	-1	1346805595
28	51	5	1	1346805504
28	51	23	1	1346805589
28	55	5	1	1346805475
28	55	9	-1	1346806014
28	55	23	1	1346805586
29	3	27	-1	1346805648
29	13	18	1	1346805703
29	13	27	1	1346805642
29	21	18	-1	1346805700
29	43	18	1	1346805675
29	46	18	1	1346805725
29	51	18	1	1346805705
29	51	27	1	1346805641
29	57	27	-1	1346805652
29	59	27	-1	1346805662
30	19	17	1	1346808631
30	19	26	-1	1346805700
30	20	17	1	1346808641
30	20	26	-1	1346805726
30	32	17	-1	1346808616
30	32	26	-1	1346805643
30	60	17	1	1346808627
30	60	26	-1	1346805663
30	61	17	-1	1346808638
30	61	26	-1	1346805717
30	69	17	-1	1346808612
30	69	26	1	1346805562
31	8	1	1	1346806005
31	8	7	1	1346805527
31	8	13	1	1346805190
31	12	7	1	1346805553
31	12	13	-1	1346805210
31	22	1	1	1346805912
31	22	7	1	1346805556
31	22	13	1	1346805207
31	30	7	-1	1346805539
31	30	13	-1	1346805192
31	44	7	1	1346805541
31	44	9	1	1346805279
31	44	13	-1	1346805197
31	58	7	-1	1346805548
31	58	13	1	1346805199
32	2	6	1	1346805138
32	2	21	-1	1346805623
32	2	23	1	1346805637
32	8	6	1	1346805150
32	8	21	-1	1346805621
32	8	23	1	1346805639
32	16	6	1	1346805151
32	16	21	-1	1346805613
32	16	23	1	1346805629
32	17	6	1	1346805146
32	17	21	-1	1346805622
32	17	23	1	1346805632
32	38	6	-1	1346805143
32	38	21	-1	1346805627
32	38	23	1	1346805623
32	40	6	-1	1346805144
32	40	21	-1	1346805626
32	40	23	-1	1346805625
33	18	8	1	1346805745
33	18	10	-1	1346805629
33	18	24	-1	1346805561
33	18	26	-1	1346805851
33	20	8	-1	1346805724
33	20	10	-1	1346805627
33	20	24	1	1346805557
33	20	26	-1	1346805815
33	37	8	1	1346805776
33	37	10	1	1346805634
33	37	24	1	1346805571
33	37	26	1	1346805887
33	40	8	1	1346805753
33	40	10	-1	1346805633
33	40	24	1	1346805570
33	40	26	-1	1346805884
33	63	8	-1	1346805838
33	63	10	-1	1346805626
33	63	24	-1	1346805558
33	63	26	-1	1346805839
33	67	8	-1	1346805747
33	67	10	1	1346805631
33	67	24	-1	1346805564
33	67	26	-1	1346805866
34	11	14	1	1346805315
34	11	18	-1	1346805752
34	17	18	-1	1346805776
34	24	18	-1	1346805771
34	65	14	1	1346805305
34	65	18	1	1346805768
35	15	19	1	1346805632
35	15	22	-1	1346809754
35	28	19	-1	1346805637
35	28	22	-1	1346809776
35	55	19	1	1346805642
35	55	22	1	1346809713
35	57	19	-1	1346805645
35	57	22	1	1346809759
35	62	19	1	1346805633
35	62	22	1	1346809675
35	69	19	-1	1346805649
35	69	22	1	1346809790
36	2	18	-1	1346805871
36	2	21	1	1346805749
36	2	24	1	1346805749
36	2	26	1	1346806008
36	32	5	-1	1346805616
36	32	18	1	1346805852
36	32	21	-1	1346805740
36	32	24	-1	1346805746
36	32	26	-1	1346806003
36	35	5	1	1346805605
36	35	18	-1	1346805845
36	35	21	-1	1346805736
36	35	24	-1	1346805737
36	35	26	-1	1346805993
36	37	1	-1	1346806093
36	37	5	-1	1346805618
36	37	18	-1	1346805874
36	37	21	-1	1346805751
36	37	24	1	1346805752
36	37	26	-1	1346806010
36	45	1	1	1346806081
36	45	5	1	1346805620
36	45	18	1	1346805844
36	45	21	1	1346805734
36	45	24	1	1346805735
36	45	26	1	1346805988
36	48	5	1	1346805609
36	48	18	-1	1346805848
36	48	21	1	1346805738
36	48	24	-1	1346805739
36	48	26	1	1346805995
37	25	6	-1	1346805213
37	25	7	1	1346805588
37	25	10	-1	1346805524
37	29	6	1	1346805200
37	29	7	-1	1346805594
37	29	10	1	1346805522
37	39	6	-1	1346805214
37	39	7	1	1346805644
37	39	10	1	1346805518
37	43	6	-1	1346805212
37	43	7	-1	1346805635
37	43	10	-1	1346805515
37	45	6	1	1346805173
37	45	7	1	1346805600
37	45	10	-1	1346805520
37	50	6	-1	1346805211
37	50	7	-1	1346805640
37	50	10	-1	1346805514
38	30	2	-1	1346806167
38	30	13	-1	1346805257
38	30	19	1	1346805729
38	31	13	-1	1346805236
38	31	19	-1	1346805759
38	34	13	-1	1346805382
38	34	19	-1	1346805727
38	43	13	-1	1346805236
38	43	19	-1	1346805734
38	61	2	1	1346806164
38	61	13	-1	1346805238
38	61	19	1	1346805733
38	69	13	-1	1346805373
38	69	19	-1	1346805726
39	20	14	1	1346805402
39	20	27	1	1346806155
39	69	14	1	1346805404
40	3	9	-1	1346805548
40	3	17	1	1346808696
40	4	9	1	1346805547
40	4	17	-1	1346808689
40	26	17	-1	1346808685
40	49	9	-1	1346805549
40	49	17	-1	1346808699
40	55	9	-1	1346805508
40	55	17	-1	1346808723
40	63	9	1	1346805543
40	63	17	-1	1346808680
41	15	6	-1	1346805246
41	15	8	1	1346806099
41	15	10	-1	1346805319
41	15	14	1	1346805512
41	15	19	-1	1346805865
41	31	6	-1	1346805247
41	31	8	-1	1346806067
41	31	10	-1	1346805342
41	31	19	-1	1346805878
41	39	2	1	1346806213
41	39	6	1	1346805234
41	39	8	1	1346806053
41	39	10	1	1346805345
41	39	19	1	1346805875
41	44	6	-1	1346805241
41	44	8	1	1346806146
41	44	10	-1	1346805299
41	44	19	-1	1346805858
41	68	1	1	1346806225
41	68	2	-1	1346806217
41	68	6	1	1346805227
41	68	8	1	1346806051
41	68	10	1	1346805287
41	68	14	1	1346805502
41	68	19	1	1346805868
41	71	6	1	1346805240
41	71	8	-1	1346806155
41	71	10	-1	1346805309
41	71	19	-1	1346805876
42	5	7	1	1346805714
42	5	13	1	1346805410
42	5	21	-1	1346805784
42	11	7	-1	1346805712
42	11	13	1	1346805410
42	11	21	1	1346805776
42	33	7	-1	1346805710
42	33	13	-1	1346805405
42	33	21	-1	1346805774
42	40	7	-1	1346805725
42	40	13	-1	1346805461
42	40	21	-1	1346805795
42	44	7	1	1346805727
42	44	13	1	1346805421
42	44	21	-1	1346805796
42	53	7	-1	1346805721
42	53	13	1	1346805437
42	53	21	-1	1346805794
43	11	5	1	1346805639
43	11	9	-1	1346806145
43	11	23	-1	1346806215
43	11	24	-1	1346805822
43	28	9	-1	1346806148
43	28	23	-1	1346806207
43	28	24	1	1346805799
43	35	5	1	1346805643
43	35	9	-1	1346806149
43	35	23	1	1346806194
43	35	24	-1	1346805798
43	36	9	-1	1346806147
43	36	23	1	1346806220
43	36	24	-1	1346805837
43	46	9	1	1346806152
43	46	23	1	1346806177
43	46	24	1	1346805781
43	55	5	1	1346805664
43	55	9	-1	1346806130
43	55	23	-1	1346806169
43	55	24	1	1346805775
44	13	18	-1	1346806014
44	13	27	1	1346805881
44	17	18	1	1346805947
44	17	27	1	1346808405
44	53	18	-1	1346806017
44	53	27	1	1346805922
44	55	18	-1	1346806015
44	69	18	-1	1346806015
44	69	27	-1	1346808400
44	70	18	-1	1346806011
45	19	22	-1	1346809900
45	19	26	-1	1346806080
45	20	22	1	1346809940
45	20	26	-1	1346806093
45	34	22	1	1346809884
45	34	26	-1	1346806081
45	60	22	1	1346809960
45	60	26	-1	1346806101
45	63	22	1	1346809985
45	63	26	1	1346806110
45	67	22	-1	1346809938
45	67	26	-1	1346806090
46	26	7	1	1346805764
46	26	9	-1	1346806242
46	26	13	-1	1346805510
46	26	24	1	1346805987
46	26	27	1	1346806208
46	36	7	-1	1346805772
46	36	9	-1	1346806248
46	36	13	-1	1346805501
46	36	24	1	1346806028
46	40	7	-1	1346805766
46	40	9	-1	1346806247
46	40	13	-1	1346805499
46	40	24	1	1346806026
46	48	7	1	1346805759
46	48	9	-1	1346806253
46	48	13	-1	1346805478
46	48	24	-1	1346805968
46	48	27	1	1346806213
46	52	1	1	1346806309
46	52	7	-1	1346805762
46	52	9	1	1346806240
46	52	13	1	1346805489
46	52	24	1	1346805981
46	52	27	1	1346806195
46	72	7	1	1346805761
46	72	9	-1	1346806257
46	72	13	-1	1346805487
46	72	24	-1	1346805971
46	72	27	1	1346806220
47	10	23	1	1346805721
47	42	23	1	1346805718
47	43	5	-1	1346805708
47	43	23	1	1346805727
47	47	5	1	1346805854
47	47	23	1	1346805712
47	48	23	1	1346805730
47	66	5	-1	1346805736
47	66	23	-1	1346805724
48	14	10	-1	1346805374
48	14	26	1	1346806247
48	24	2	1	1346806378
48	24	10	1	1346805367
48	24	26	-1	1346806159
48	42	10	-1	1346805373
48	42	26	-1	1346806220
48	49	10	-1	1346805370
48	49	26	1	1346806205
48	63	2	1	1346806263
48	63	10	1	1346805364
48	63	26	1	1346806142
48	71	10	-1	1346805371
48	71	26	1	1346806185
49	29	18	-1	1346806073
49	55	14	1	1346807068
49	55	18	-1	1346806109
49	59	18	1	1346806115
49	63	18	-1	1346806076
49	64	14	1	1346806384
49	66	18	1	1346806119
50	34	17	-1	1346808839
50	34	19	-1	1346805916
50	46	17	1	1346808879
50	46	19	1	1346805909
50	57	17	-1	1346808863
50	57	19	-1	1346805910
50	61	17	-1	1346808861
50	61	19	1	1346805912
50	62	17	1	1346808847
50	62	19	-1	1346805915
50	69	17	-1	1346808856
50	69	19	1	1346805913
51	5	6	-1	1346806000
51	5	18	-1	1346806284
51	5	19	-1	1346805949
51	5	21	-1	1346805893
51	5	26	-1	1346806377
51	8	2	-1	1346806346
51	8	5	1	1346805942
51	8	6	1	1346806006
51	8	18	-1	1346806234
51	8	19	-1	1346805946
51	8	21	1	1346805854
51	8	26	-1	1346806349
51	18	1	1	1346806365
51	18	2	1	1346806344
51	18	5	1	1346805925
51	18	6	1	1346806004
51	18	18	1	1346806245
51	18	19	1	1346805944
51	18	21	1	1346805859
51	18	26	1	1346806364
51	54	2	1	1346806350
51	54	6	-1	1346805996
51	54	18	1	1346806289
51	54	19	-1	1346805953
51	54	21	1	1346805922
51	54	26	1	1346806416
51	63	6	-1	1346805992
51	63	18	-1	1346806287
51	63	19	1	1346805952
51	63	21	-1	1346805916
51	63	26	1	1346806392
51	67	6	1	1346806002
51	67	18	-1	1346806257
51	67	19	-1	1346805949
51	67	21	1	1346805884
51	67	26	-1	1346806369
52	12	8	1	1346806641
52	12	9	-1	1346805643
52	12	10	1	1346805860
52	12	24	1	1346806314
52	27	8	-1	1346806635
52	27	9	-1	1346805645
52	27	10	-1	1346805871
52	27	24	1	1346806309
52	48	8	-1	1346806633
52	48	9	-1	1346805593
52	48	10	-1	1346805856
52	48	24	-1	1346806307
52	51	8	-1	1346806664
52	51	9	-1	1346805624
52	51	10	-1	1346805863
52	51	24	1	1346806354
52	61	8	-1	1346806693
52	61	9	1	1346805623
52	61	10	-1	1346805864
52	61	24	-1	1346806344
52	66	8	-1	1346806643
52	66	9	-1	1346805640
52	66	10	-1	1346805862
52	66	24	-1	1346806341
53	1	7	1	1346805857
53	1	23	1	1346806285
53	34	7	-1	1346805893
53	34	23	1	1346806301
53	38	7	-1	1346805888
53	38	23	1	1346806288
53	47	7	-1	1346806130
53	47	23	1	1346806279
53	60	7	1	1346806013
53	60	23	1	1346806298
53	64	7	1	1346806131
53	64	23	1	1346806282
54	4	13	1	1346805548
54	4	27	1	1346808443
54	5	13	1	1346805540
54	10	13	1	1346805587
54	13	13	-1	1346805575
54	61	13	-1	1346805566
54	72	13	-1	1346805547
55	26	14	-1	1346805620
55	42	14	-1	1346805621
55	58	14	1	1346805589
55	66	14	1	1346805596
55	66	22	1	1346810151
56	1	10	1	1346805891
56	1	13	1	1346805632
56	1	14	-1	1346805725
56	4	10	-1	1346805889
56	4	13	1	1346805628
56	4	14	1	1346805659
56	9	10	-1	1346805898
56	9	13	-1	1346805639
56	21	10	-1	1346805896
56	21	13	-1	1346805628
56	21	14	-1	1346805733
56	29	1	1	1346806451
56	29	10	-1	1346805894
56	29	13	1	1346805634
56	29	14	-1	1346805670
56	52	10	1	1346805885
56	52	13	-1	1346805637
56	52	14	1	1346805668
57	7	5	1	1346805982
57	7	21	-1	1346805966
57	7	23	1	1346805820
57	8	21	1	1346805973
57	8	23	1	1346805810
57	19	5	1	1346805976
57	19	21	1	1346806001
57	19	23	1	1346805815
57	32	21	-1	1346806017
57	32	23	1	1346805831
57	35	21	-1	1346805947
57	35	23	1	1346805808
57	42	21	1	1346806011
57	42	23	1	1346805827
58	3	6	-1	1346805611
58	3	7	1	1346806154
58	3	18	1	1346806423
58	3	24	1	1346806404
58	12	6	1	1346805607
58	12	7	1	1346806157
58	12	18	1	1346806414
58	12	24	1	1346806409
58	14	6	-1	1346805612
58	14	7	1	1346806153
58	14	24	-1	1346806399
58	33	6	-1	1346805613
58	33	7	-1	1346806355
58	33	18	-1	1346806407
58	33	24	1	1346806391
58	64	6	-1	1346805612
58	64	7	1	1346806147
58	64	24	-1	1346806398
58	72	6	1	1346805605
58	72	7	1	1346806155
58	72	18	-1	1346806417
58	72	24	1	1346806407
59	4	19	-1	1346805999
59	4	26	1	1346806532
59	15	19	1	1346805996
59	15	26	1	1346806590
59	20	19	1	1346805993
59	20	26	-1	1346806550
59	42	19	-1	1346805998
59	42	26	-1	1346806548
59	46	19	1	1346805994
59	46	26	1	1346806570
59	62	19	-1	1346805997
59	62	26	1	1346806572
60	41	2	1	1346806430
60	41	27	1	1346806285
61	5	6	-1	1346806502
61	5	9	-1	1346805800
61	5	19	-1	1346806137
61	5	23	-1	1346806000
61	5	27	1	1346805841
61	14	1	1	1346806601
61	14	6	1	1346806502
61	14	7	-1	1346806382
61	14	9	-1	1346805768
61	14	19	-1	1346806135
61	14	23	1	1346805997
61	14	27	-1	1346805804
61	15	1	1	1346806531
61	15	6	1	1346806504
61	15	7	1	1346806392
61	15	9	1	1346805766
61	15	19	-1	1346806133
61	15	23	-1	1346805993
61	15	27	1	1346805827
61	27	2	-1	1346806529
61	27	6	-1	1346806510
61	27	7	1	1346806372
61	27	9	-1	1346805828
61	27	19	1	1346806124
61	27	23	1	1346805944
61	27	27	-1	1346805836
61	56	6	-1	1346806514
61	56	7	-1	1346806374
61	56	9	-1	1346805739
61	56	19	-1	1346806049
61	56	23	1	1346805984
61	63	2	1	1346806526
61	63	6	-1	1346806522
61	63	7	1	1346806376
61	63	9	-1	1346805815
61	63	19	1	1346806131
61	63	23	1	1346805989
62	6	8	1	1346806279
62	6	10	1	1346805672
62	6	21	1	1346806074
62	6	24	-1	1346806714
62	22	8	1	1346806287
62	22	10	-1	1346805676
62	22	21	1	1346806104
62	22	24	1	1346806719
62	30	8	-1	1346806273
62	30	10	-1	1346805667
62	30	21	-1	1346806049
62	30	24	-1	1346806687
62	52	8	1	1346806276
62	52	10	1	1346805669
62	52	21	1	1346806042
62	52	24	1	1346806690
62	53	8	-1	1346806329
62	53	10	-1	1346805670
62	53	21	-1	1346806055
62	53	24	1	1346806705
62	61	8	-1	1346806310
62	61	10	-1	1346805673
62	61	21	-1	1346806082
62	61	24	-1	1346806717
63	19	18	1	1346806482
63	37	18	-1	1346806494
63	54	18	-1	1346806492
63	62	5	1	1346806155
63	62	18	1	1346806454
64	15	13	-1	1346805825
64	58	13	1	1346805818
64	61	13	-1	1346805823
64	61	14	1	1346806458
64	66	13	-1	1346805814
64	68	13	1	1346805795
64	68	14	1	1346806460
64	69	13	-1	1346805815
64	69	14	-1	1346806473
65	6	22	1	1346810287
65	6	26	1	1346809461
65	38	22	1	1346810269
65	38	26	-1	1346809458
65	42	22	1	1346810273
65	42	26	-1	1346809459
65	51	22	1	1346810199
65	51	26	1	1346809460
65	53	26	-1	1346809463
65	59	26	-1	1346809458
66	1	1	1	1346806720
66	1	13	1	1346805858
66	1	18	-1	1346806526
66	1	21	1	1346806120
66	1	24	1	1346806776
66	4	13	1	1346805891
66	4	18	1	1346806546
66	4	21	-1	1346806124
66	4	24	-1	1346806788
66	8	13	1	1346805894
66	8	18	-1	1346806511
66	8	21	1	1346806118
66	8	24	1	1346806771
66	40	13	-1	1346805889
66	40	18	1	1346806538
66	40	21	-1	1346806123
66	40	24	1	1346806783
66	48	13	-1	1346805893
66	48	18	-1	1346806541
66	48	21	1	1346806119
66	48	24	-1	1346806774
66	69	13	-1	1346805887
66	69	18	1	1346806544
66	69	21	-1	1346806147
66	69	24	-1	1346806778
67	17	5	1	1346806179
67	17	9	1	1346806311
67	17	10	-1	1346806122
67	17	23	1	1346806040
67	27	9	-1	1346806308
67	27	10	-1	1346806132
67	27	23	1	1346806038
67	34	5	1	1346806199
67	34	9	1	1346806305
67	34	10	1	1346806134
67	34	23	1	1346806034
67	42	10	-1	1346806129
67	42	23	1	1346806045
67	45	9	-1	1346806319
67	45	10	-1	1346806125
67	45	23	1	1346806049
67	47	5	1	1346806182
67	47	10	-1	1346806121
67	47	23	1	1346806042
68	29	6	-1	1346805645
68	29	7	-1	1346806419
68	29	8	-1	1346806391
68	36	6	-1	1346805667
68	36	7	-1	1346806436
68	36	8	-1	1346806446
68	53	6	-1	1346805651
68	53	7	-1	1346806440
68	53	8	1	1346806482
68	64	6	-1	1346805644
68	64	7	1	1346806428
68	64	8	1	1346806441
68	66	6	1	1346805649
68	66	7	1	1346806438
68	66	8	1	1346806454
68	67	6	-1	1346805642
68	67	7	1	1346806431
68	67	8	1	1346806399
69	7	19	1	1346806204
69	7	27	-1	1346806907
69	25	19	1	1346806334
69	25	27	-1	1346806897
69	26	19	-1	1346806322
69	26	27	-1	1346806910
69	31	19	-1	1346806331
69	42	19	1	1346806271
69	42	27	1	1346806886
69	69	19	-1	1346806333
69	69	27	1	1346806893
70	2	14	1	1346806588
70	17	2	1	1346806631
70	17	14	-1	1346806591
70	47	2	1	1346806627
70	47	14	1	1346806594
71	14	5	-1	1346806268
71	14	6	1	1346806205
71	14	10	1	1346806388
71	14	19	-1	1346806375
71	15	6	1	1346806209
71	15	10	-1	1346806392
71	15	19	-1	1346806372
71	26	6	-1	1346806210
71	26	10	-1	1346806389
71	26	19	-1	1346806370
71	35	2	1	1346806700
71	35	5	1	1346806258
71	35	6	-1	1346806203
71	35	10	1	1346806384
71	35	19	-1	1346806365
71	52	1	1	1346806773
71	52	5	1	1346806240
71	52	6	-1	1346806201
71	52	10	1	1346806383
71	52	19	1	1346806365
71	67	5	1	1346806289
71	67	6	-1	1346806210
71	67	10	-1	1346806393
71	67	19	-1	1346806371
72	8	8	-1	1346806884
72	8	9	-1	1346806951
72	8	21	-1	1346806186
72	8	24	1	1346806889
72	12	8	1	1346806796
72	12	9	1	1346806949
72	12	21	1	1346806185
72	12	24	1	1346806888
72	23	8	-1	1346806841
72	23	9	-1	1346806939
72	23	21	-1	1346806194
72	23	24	1	1346806935
72	33	8	-1	1346806840
72	33	9	-1	1346806940
72	33	21	-1	1346806191
72	33	24	1	1346806894
72	44	8	1	1346806878
72	44	9	1	1346806943
72	44	21	-1	1346806188
72	44	24	1	1346806891
72	61	8	-1	1346806838
72	61	9	-1	1346806938
72	61	21	-1	1346806193
72	61	24	-1	1346806915
73	5	7	-1	1346806469
73	5	23	-1	1346806347
73	7	7	1	1346806481
73	7	23	1	1346806372
73	17	7	1	1346806483
73	17	23	1	1346806375
73	21	7	-1	1346806476
73	21	23	1	1346806366
73	57	7	1	1346806479
73	57	23	1	1346806369
73	64	7	1	1346806475
73	64	23	1	1346806362
74	6	13	1	1346805928
74	6	26	1	1346806922
74	11	13	1	1346805930
74	11	26	-1	1346806913
74	26	13	-1	1346805949
74	26	26	-1	1346806876
74	38	13	1	1346805927
74	38	26	-1	1346806915
74	41	13	-1	1346805925
74	41	26	-1	1346806929
74	61	13	-1	1346805933
74	61	26	-1	1346806885
75	22	22	1	1346810440
75	33	27	-1	1346806375
75	37	22	1	1346810421
75	37	27	1	1346806309
75	45	27	1	1346806422
76	21	7	-1	1346806533
76	21	8	-1	1346806964
76	21	13	-1	1346805998
76	27	1	1	1346806850
76	27	7	1	1346806506
76	27	8	-1	1346806907
76	27	9	-1	1346806510
76	27	13	-1	1346805983
76	30	7	-1	1346806516
76	30	8	-1	1346806908
76	30	9	-1	1346806506
76	30	13	-1	1346805984
76	40	7	-1	1346806526
76	40	8	-1	1346806912
76	40	9	1	1346806497
76	40	13	1	1346806006
76	41	7	1	1346806531
76	41	8	1	1346806913
76	41	9	1	1346806491
76	41	13	-1	1346806000
76	69	7	-1	1346806536
76	69	8	1	1346806986
76	69	9	-1	1346806508
76	69	13	1	1346805993
77	10	10	-1	1346805391
77	10	21	1	1346806231
77	19	5	1	1346806315
77	19	10	1	1346805386
77	19	21	1	1346806221
77	42	10	-1	1346805393
77	42	21	-1	1346806238
77	43	10	-1	1346805394
77	43	21	1	1346806240
77	52	5	1	1346806313
77	52	10	1	1346805390
77	52	21	1	1346806221
77	54	10	-1	1346805392
77	54	21	1	1346806236
78	4	6	1	1346806103
78	4	18	1	1346806620
78	4	24	-1	1346806985
78	6	6	1	1346806088
78	6	18	-1	1346806597
78	6	24	-1	1346807005
78	44	6	1	1346806119
78	44	18	1	1346806606
78	44	24	1	1346807007
78	63	6	-1	1346806114
78	63	18	-1	1346806585
78	63	24	1	1346807000
78	64	6	-1	1346806113
78	64	18	1	1346806583
78	64	24	1	1346806999
78	70	6	-1	1346806114
78	70	18	1	1346806587
78	70	24	1	1346807002
79	3	14	-1	1346806538
79	3	19	1	1346806436
79	16	14	1	1346806541
79	16	19	1	1346806435
79	41	19	-1	1346806443
79	42	19	-1	1346806442
79	47	14	1	1346806536
79	47	19	1	1346806438
79	51	14	1	1346806535
79	51	19	-1	1346806441
80	10	2	1	1346806714
80	10	26	1	1346807035
80	24	2	1	1346806718
80	24	26	-1	1346806985
80	36	26	-1	1346806973
80	45	26	1	1346807003
80	54	26	1	1346807014
80	61	26	-1	1346806993
81	8	6	-1	1346805593
81	8	18	-1	1346806635
81	8	19	-1	1346806481
81	8	21	-1	1346806265
81	8	23	1	1346806443
81	26	2	1	1346806796
81	26	6	-1	1346805587
81	26	18	1	1346806641
81	26	19	-1	1346806507
81	26	21	-1	1346806271
81	26	23	1	1346806497
81	34	1	1	1346806939
81	34	2	1	1346806800
81	34	6	1	1346805575
81	34	18	-1	1346806704
81	34	19	-1	1346806482
81	34	21	-1	1346806267
81	34	23	1	1346806481
81	51	6	-1	1346805581
81	51	18	1	1346806651
81	51	19	-1	1346806504
81	51	21	1	1346806269
81	51	23	-1	1346806491
81	63	6	1	1346805586
81	63	18	-1	1346806642
81	63	19	1	1346806502
81	63	21	-1	1346806270
81	63	23	1	1346806494
81	67	6	-1	1346805578
81	67	18	-1	1346806699
81	67	19	-1	1346806493
81	67	21	-1	1346806279
81	67	23	1	1346806479
82	27	8	-1	1346807273
82	27	9	-1	1346806422
82	27	10	-1	1346805947
82	27	24	-1	1346806819
82	29	8	-1	1346807356
82	29	9	1	1346806415
82	29	10	1	1346805952
82	29	24	-1	1346806825
82	46	9	-1	1346806423
82	46	10	-1	1346805951
82	46	24	-1	1346806822
82	50	8	1	1346807339
82	50	9	1	1346806428
82	50	10	-1	1346805954
82	50	24	-1	1346806831
82	53	8	1	1346807271
82	53	9	-1	1346806419
82	53	10	1	1346805946
82	53	24	1	1346806817
82	61	8	-1	1346807282
82	61	9	-1	1346806426
82	61	10	-1	1346805954
82	61	24	-1	1346806827
83	1	5	1	1346806378
83	1	7	1	1346806582
83	10	7	1	1346806872
83	15	7	-1	1346806588
83	28	7	1	1346806867
83	47	5	1	1346806384
83	47	7	-1	1346806871
83	64	7	1	1346806584
84	32	13	1	1346806028
84	33	13	-1	1346806027
84	37	13	1	1346806024
84	37	27	1	1346806470
84	51	13	-1	1346806015
84	60	13	1	1346806072
84	61	13	-1	1346806079
85	23	14	1	1346807132
85	42	22	1	1346810550
85	46	22	1	1346810569
85	65	14	1	1346807134
85	65	22	1	1346810499
86	1	1	1	1346806966
86	1	10	1	1346805988
86	1	13	1	1346806151
86	1	24	1	1346807057
86	12	10	-1	1346805984
86	12	13	1	1346806138
86	12	24	1	1346807045
86	21	10	-1	1346805982
86	21	13	-1	1346806140
86	21	24	1	1346807048
86	32	10	-1	1346805988
86	32	13	-1	1346806150
86	32	24	1	1346807050
86	41	10	-1	1346805991
86	41	13	-1	1346806152
86	41	24	1	1346807068
86	52	10	-1	1346805976
86	52	13	1	1346806124
86	52	24	1	1346807041
87	5	9	-1	1346806620
87	5	21	-1	1346806331
87	5	23	-1	1346806559
87	8	21	-1	1346806323
87	8	23	1	1346806554
87	17	9	-1	1346806632
87	17	21	-1	1346806315
87	17	23	1	1346806552
87	18	5	1	1346806427
87	18	9	1	1346806612
87	18	21	1	1346806344
87	18	23	-1	1346806566
87	42	5	1	1346806428
87	42	9	1	1346806653
87	42	21	1	1346806338
87	42	23	1	1346806561
87	58	9	-1	1346806646
87	58	21	-1	1346806325
87	58	23	1	1346806557
88	16	7	1	1346807636
88	16	8	-1	1346807423
88	16	19	1	1346806548
88	16	26	1	1346807579
88	21	7	1	1346807641
88	21	8	-1	1346807513
88	21	19	1	1346806593
88	21	26	-1	1346807617
88	28	7	1	1346807647
88	28	8	1	1346807486
88	28	19	-1	1346806599
88	28	26	-1	1346807627
88	38	7	-1	1346807643
88	38	8	1	1346807489
88	38	19	-1	1346806599
88	38	26	-1	1346807619
88	47	7	1	1346807638
88	47	8	1	1346807430
88	47	19	1	1346806549
88	47	26	-1	1346807594
88	51	7	1	1346807639
88	51	8	-1	1346807455
88	51	19	-1	1346806556
88	51	26	1	1346807606
89	17	6	-1	1346806026
89	17	18	-1	1346806814
89	45	6	1	1346806019
89	45	18	1	1346806806
89	52	6	1	1346806033
89	52	18	-1	1346806810
89	54	6	1	1346806016
89	54	18	1	1346806808
89	69	6	-1	1346806028
89	69	18	-1	1346806815
89	71	18	-1	1346806816
90	13	27	1	1346806823
90	38	2	1	1346806830
90	38	27	1	1346806817
91	6	2	1	1346806914
91	6	6	1	1346806310
91	6	9	-1	1346806584
91	6	19	1	1346806630
91	6	21	-1	1346806390
91	13	1	1	1346806982
91	13	6	1	1346806306
91	13	9	1	1346806582
91	13	19	1	1346806623
91	13	21	1	1346806381
91	14	6	-1	1346806313
91	14	9	-1	1346806584
91	14	19	-1	1346806632
91	14	21	1	1346806394
91	31	2	1	1346806912
91	31	6	-1	1346806328
91	31	9	-1	1346806585
91	31	19	-1	1346806634
91	31	21	1	1346806396
91	37	6	1	1346806312
91	37	9	-1	1346806583
91	37	19	-1	1346806629
91	37	21	-1	1346806387
91	52	6	-1	1346806331
91	52	9	-1	1346806585
91	52	19	1	1346806634
91	52	21	1	1346806397
92	3	7	1	1346806956
92	3	8	1	1346807718
92	3	27	-1	1346807349
92	4	7	-1	1346806964
92	4	8	-1	1346807715
92	4	14	1	1346808143
92	4	27	1	1346807966
92	25	7	1	1346806963
92	25	8	1	1346807876
92	25	27	-1	1346807353
92	29	7	-1	1346807244
92	29	8	-1	1346807739
92	29	27	-1	1346807355
92	51	7	1	1346806952
92	51	8	-1	1346807742
92	51	14	1	1346807180
92	51	27	1	1346807941
92	60	7	-1	1346806951
92	60	8	1	1346807739
92	60	14	1	1346808147
92	60	27	-1	1346807942
93	18	5	1	1346806768
93	18	13	1	1346806160
93	18	18	1	1346806847
93	22	5	-1	1346806792
93	22	13	1	1346806206
93	22	18	-1	1346806865
93	32	5	-1	1346806796
93	32	13	-1	1346806213
93	32	18	-1	1346806863
93	39	5	-1	1346806798
93	39	13	1	1346806194
93	39	18	1	1346806872
93	43	5	1	1346806763
93	43	13	-1	1346806174
93	43	18	-1	1346806889
93	50	5	1	1346806787
93	50	13	1	1346806209
93	50	18	1	1346806873
94	9	10	1	1346805566
94	9	26	1	1346807253
94	29	10	-1	1346805568
94	29	26	-1	1346807180
94	44	10	-1	1346805567
94	44	26	-1	1346807205
94	48	10	-1	1346805561
94	48	26	1	1346807179
94	59	10	-1	1346805564
94	59	26	-1	1346807225
94	66	10	1	1346805563
94	66	26	1	1346807216
95	13	23	-1	1346806697
95	39	23	-1	1346806679
95	43	23	1	1346806689
95	60	23	-1	1346806676
95	64	23	1	1346806687
95	65	23	1	1346806682
96	2	5	1	1346806654
96	2	7	1	1346807051
96	2	13	1	1346806253
96	9	5	1	1346806661
96	9	7	1	1346807060
96	9	13	1	1346806279
96	15	5	-1	1346806658
96	15	7	-1	1346807055
96	15	13	-1	1346806275
96	57	1	1	1346807042
96	57	5	1	1346806656
96	57	7	1	1346807053
96	57	13	1	1346806273
96	65	5	1	1346806652
96	65	7	-1	1346807046
96	65	13	-1	1346806247
96	67	5	1	1346806660
96	67	7	1	1346807058
96	67	13	-1	1346806292
97	13	9	1	1346806715
97	13	24	1	1346807093
97	13	26	1	1346807663
97	13	27	1	1346807271
97	20	9	-1	1346806719
97	20	24	1	1346807109
97	20	26	-1	1346807673
97	30	9	-1	1346806724
97	30	24	-1	1346807091
97	30	26	-1	1346807662
97	42	9	-1	1346806720
97	42	24	1	1346807104
97	42	26	-1	1346807670
97	42	27	1	1346807283
97	50	9	-1	1346806723
97	50	24	1	1346807103
97	50	26	1	1346807689
97	53	9	1	1346806714
97	53	24	-1	1346807107
97	53	26	-1	1346807700
98	5	2	1	1346806881
98	5	10	-1	1346806465
98	5	21	-1	1346806453
98	23	10	-1	1346806464
98	23	21	-1	1346806467
98	25	10	-1	1346806466
98	25	21	1	1346806429
98	35	2	-1	1346806888
98	35	10	1	1346806461
98	35	21	-1	1346806489
98	38	10	-1	1346806464
98	38	21	1	1346806477
98	52	2	1	1346806885
98	52	10	-1	1346806470
98	52	21	1	1346806491
99	28	18	-1	1346806921
99	28	19	-1	1346806720
99	30	18	1	1346806919
99	30	19	1	1346806718
99	36	18	-1	1346806918
99	36	19	-1	1346806700
99	61	18	-1	1346806920
99	61	19	-1	1346806716
99	68	18	-1	1346806922
99	68	19	-1	1346806723
99	70	18	1	1346806920
99	70	19	1	1346806694
100	5	6	-1	1346806616
100	5	8	1	1346808062
100	13	6	1	1346806621
100	35	6	-1	1346806621
100	35	8	-1	1346807958
100	47	6	1	1346806620
100	47	8	1	1346808108
100	56	6	-1	1346806617
100	56	8	-1	1346808092
100	65	6	-1	1346806623
100	65	8	-1	1346808065
101	24	1	1	1346807096
101	24	2	1	1346806954
101	24	6	-1	1346807176
101	24	24	1	1346807140
101	47	1	1	1346807311
101	47	2	1	1346806952
101	47	6	1	1346807185
101	47	14	1	1346807297
101	47	24	1	1346807121
101	55	6	-1	1346807172
101	55	14	1	1346807326
101	55	24	1	1346807145
101	62	6	-1	1346807182
101	62	24	-1	1346807128
101	63	6	-1	1346807180
101	63	14	1	1346807304
101	63	24	-1	1346807139
101	68	6	1	1346807171
101	68	24	1	1346807150
102	4	5	-1	1346806690
102	4	18	-1	1346807064
102	4	21	-1	1346806693
102	4	26	-1	1346807399
102	12	5	1	1346806694
102	12	18	-1	1346807067
102	12	21	1	1346806693
102	12	26	1	1346807517
102	23	5	-1	1346806689
102	23	18	-1	1346807063
102	23	21	-1	1346806690
102	23	26	-1	1346807374
102	31	5	-1	1346806684
102	31	18	1	1346807054
102	31	21	1	1346806687
102	31	26	-1	1346807347
102	64	5	1	1346806697
102	64	18	1	1346807072
102	64	21	-1	1346806697
102	64	26	-1	1346807437
102	65	5	1	1346806685
102	65	18	-1	1346807061
102	65	21	-1	1346806688
102	65	26	-1	1346807362
103	3	7	1	1346807083
103	3	9	1	1346806767
103	3	13	1	1346806346
103	3	19	1	1346806842
103	9	7	-1	1346807113
103	9	9	-1	1346806808
103	9	13	1	1346806343
103	9	19	-1	1346806849
103	16	7	1	1346807108
103	16	9	-1	1346806768
103	16	13	-1	1346806336
103	16	19	1	1346806844
103	17	7	-1	1346807111
103	17	9	1	1346806796
103	17	13	-1	1346806341
103	17	19	-1	1346806847
103	20	7	1	1346807081
103	20	9	1	1346806763
103	20	13	1	1346806309
103	20	19	1	1346806842
103	39	7	1	1346807110
103	39	9	-1	1346806788
103	39	13	1	1346806338
103	39	19	-1	1346806845
104	1	10	-1	1346806781
104	1	23	1	1346806782
104	11	10	-1	1346806782
104	11	23	-1	1346806774
104	31	10	-1	1346806782
104	31	23	1	1346806778
104	32	10	1	1346806779
104	32	23	1	1346806789
104	41	10	1	1346806791
104	41	23	1	1346806793
104	46	10	-1	1346806780
104	46	23	-1	1346806785
105	3	17	-1	1346808193
105	17	17	-1	1346808187
105	33	17	1	1346808183
105	43	17	-1	1346808190
105	47	17	-1	1346808195
105	65	17	-1	1346808186
106	8	9	-1	1346806875
106	8	13	1	1346806365
106	8	21	-1	1346806721
106	26	1	-1	1346807387
106	26	9	1	1346806878
106	26	13	-1	1346806381
106	26	21	-1	1346806720
106	26	27	1	1346806630
106	41	1	1	1346807393
106	41	9	1	1346806850
106	41	13	-1	1346806378
106	41	21	1	1346806724
106	43	9	-1	1346806871
106	43	13	-1	1346806357
106	43	21	1	1346806708
106	54	9	-1	1346806882
106	54	13	-1	1346806376
106	54	21	1	1346806722
106	69	1	1	1346807419
106	69	9	1	1346806891
106	69	13	1	1346806377
106	69	21	-1	1346806723
106	69	27	1	1346806653
107	16	7	1	1346807146
107	16	10	1	1346807499
107	16	14	1	1346807427
107	16	18	-1	1346807175
107	37	7	1	1346807150
107	37	10	-1	1346807501
107	37	14	1	1346808079
107	37	18	-1	1346807179
107	47	7	1	1346807145
107	47	10	-1	1346807497
107	47	14	1	1346808090
107	47	18	1	1346807155
107	53	7	-1	1346807148
107	53	10	-1	1346807500
107	53	14	-1	1346807433
107	53	18	-1	1346807176
107	56	7	-1	1346807152
107	56	10	-1	1346807503
107	56	14	-1	1346807439
107	56	18	-1	1346807180
107	67	7	1	1346807143
107	67	10	1	1346807495
107	67	18	-1	1346807170
108	18	5	1	1346806854
108	29	5	-1	1346806859
108	35	5	1	1346806715
108	42	5	-1	1346806852
108	64	5	1	1346806843
108	68	5	-1	1346806859
109	6	8	1	1346808831
109	6	19	-1	1346806894
109	7	8	1	1346808820
109	7	19	1	1346806889
109	45	8	1	1346808828
109	45	19	1	1346806884
109	52	8	1	1346808821
109	52	19	1	1346806902
109	58	8	-1	1346808823
109	58	19	-1	1346806900
109	67	8	1	1346808829
109	67	19	-1	1346806895
110	5	6	-1	1346807643
110	5	26	-1	1346807777
110	12	6	1	1346807637
110	12	26	1	1346807798
110	29	6	-1	1346807642
110	29	26	-1	1346807769
110	42	6	-1	1346807645
110	42	26	-1	1346807789
110	43	6	-1	1346807645
110	43	26	-1	1346807791
110	47	6	1	1346807642
110	47	26	-1	1346807767
110	71	6	-1	1346807644
110	71	26	-1	1346807786
111	5	5	-1	1346806959
111	5	7	-1	1346807172
111	7	1	1	1346807489
111	7	5	1	1346806966
111	7	7	1	1346807192
111	19	5	1	1346806952
111	19	7	1	1346807186
111	44	5	1	1346806962
111	44	7	1	1346807191
111	48	5	1	1346806967
111	48	7	1	1346807185
111	60	5	1	1346806956
111	60	7	1	1346807176
112	2	9	-1	1346807674
112	2	10	1	1346805550
112	12	9	1	1346807662
112	12	10	1	1346805548
112	12	24	1	1346807168
112	18	9	-1	1346807665
112	18	10	-1	1346805547
112	18	24	-1	1346807166
112	33	9	-1	1346807674
112	33	10	-1	1346805551
112	33	24	1	1346807173
112	43	9	1	1346807666
112	43	10	-1	1346805546
112	43	24	1	1346807161
112	55	9	-1	1346807669
112	55	10	1	1346805545
112	55	24	-1	1346807159
113	4	13	1	1346806404
113	4	14	1	1346805772
113	17	13	-1	1346806415
113	17	14	-1	1346805776
113	25	13	-1	1346806429
113	30	13	-1	1346806418
113	30	14	1	1346805783
113	41	13	-1	1346806420
113	56	13	1	1346806425
114	9	23	1	1346806901
114	9	27	1	1346808619
114	34	23	1	1346806903
114	51	23	1	1346806898
114	55	23	-1	1346806882
114	57	23	1	1346806876
114	66	23	-1	1346806892
116	3	13	1	1346806484
116	3	14	1	1346807450
116	3	18	1	1346807319
116	3	24	-1	1346807290
116	13	13	-1	1346806482
116	13	14	1	1346807454
116	13	18	1	1346807325
116	13	24	-1	1346807295
116	21	13	-1	1346806480
116	21	14	-1	1346807456
116	21	18	-1	1346807314
116	21	24	-1	1346807304
116	34	1	1	1346807659
116	34	13	1	1346806487
116	34	18	1	1346807332
116	34	24	1	1346807192
116	36	13	-1	1346806451
116	36	18	1	1346807309
116	36	24	-1	1346807306
116	70	13	1	1346806476
116	70	14	1	1346807470
116	70	18	-1	1346807306
116	70	24	1	1346807191
117	5	5	-1	1346807006
117	5	19	1	1346806995
117	5	21	-1	1346807013
117	5	23	-1	1346807519
117	25	5	-1	1346807011
117	25	19	-1	1346807001
117	25	21	1	1346807020
117	25	23	1	1346807522
117	37	5	-1	1346807017
117	37	19	-1	1346807003
117	37	21	-1	1346807022
117	37	23	-1	1346807532
117	62	5	1	1346807015
117	62	19	-1	1346807021
117	62	21	-1	1346807030
117	62	23	1	1346807535
117	69	5	1	1346807010
117	69	19	1	1346807000
117	69	21	1	1346807012
117	69	23	-1	1346807516
117	71	5	-1	1346807022
117	71	19	-1	1346807022
117	71	21	-1	1346807037
117	71	23	1	1346807538
118	7	7	1	1346807228
118	7	9	1	1346807119
118	7	27	1	1346806542
118	20	2	1	1346806977
118	20	7	1	1346807221
118	20	9	-1	1346807125
118	20	27	1	1346806534
118	29	2	-1	1346806986
118	29	7	-1	1346807224
118	29	9	-1	1346807123
118	31	2	1	1346806990
118	31	7	-1	1346807226
118	31	9	-1	1346807123
118	33	2	-1	1346806996
118	33	7	-1	1346807209
118	33	9	-1	1346807126
118	53	7	-1	1346807211
118	53	9	-1	1346807125
119	10	8	-1	1346808930
119	50	8	1	1346808917
119	61	8	-1	1346808908
119	63	8	-1	1346808905
119	68	8	1	1346808921
119	69	8	1	1346808906
120	3	6	1	1346807701
120	3	10	1	1346807812
120	5	6	-1	1346807692
120	5	10	-1	1346806015
120	28	6	-1	1346807705
120	28	10	-1	1346806038
120	31	6	-1	1346807694
120	31	10	1	1346806013
120	42	6	-1	1346807699
120	42	10	-1	1346806029
120	53	6	-1	1346807703
120	53	10	-1	1346806030
121	1	6	1	1346807731
121	1	9	-1	1346807251
121	1	10	-1	1346806443
121	1	21	1	1346807059
121	10	1	1	1346807698
121	10	2	1	1346807714
121	10	6	1	1346807734
121	10	9	1	1346807252
121	10	10	-1	1346806444
121	10	21	1	1346807061
121	11	2	-1	1346807021
121	11	6	1	1346807729
121	11	9	-1	1346807247
121	11	10	-1	1346806443
121	11	21	1	1346807060
121	22	6	1	1346807728
121	22	9	-1	1346807245
121	22	10	1	1346806437
121	22	21	-1	1346807057
121	42	6	-1	1346807723
121	42	9	-1	1346807239
121	42	10	-1	1346806440
121	42	21	-1	1346807065
121	65	2	1	1346807711
121	65	6	-1	1346807725
121	65	9	1	1346807241
121	65	10	1	1346806439
121	65	21	-1	1346807056
122	2	23	1	1346806954
122	3	23	1	1346806948
122	8	23	1	1346806956
122	20	14	1	1346805995
122	20	23	1	1346806951
122	44	14	1	1346805989
122	44	23	-1	1346806946
122	59	23	1	1346806959
123	9	5	1	1346807055
123	9	19	1	1346807096
123	9	27	1	1346807703
123	14	5	-1	1346807067
123	14	19	-1	1346807103
123	25	5	-1	1346807065
123	25	19	-1	1346807101
123	29	5	1	1346807057
123	29	19	-1	1346807106
123	63	5	1	1346807061
123	63	19	1	1346807103
123	68	5	1	1346807064
123	68	19	1	1346807099
124	4	24	-1	1346807704
124	16	24	1	1346807362
124	20	24	1	1346807364
124	27	24	-1	1346807360
124	35	24	-1	1346807361
124	62	24	1	1346807369
125	5	13	1	1346806517
125	5	18	1	1346807424
125	23	13	-1	1346806529
125	23	18	-1	1346807431
125	53	13	1	1346806524
125	53	18	1	1346807370
125	57	13	1	1346806510
125	57	18	-1	1346807430
125	58	13	-1	1346806509
125	58	18	-1	1346807428
125	71	13	-1	1346806531
125	71	18	-1	1346807426
126	20	5	1	1346807101
126	20	9	-1	1346807446
126	20	14	1	1346806136
126	20	18	-1	1346807499
126	20	23	1	1346807592
126	21	5	-1	1346807098
126	21	9	-1	1346807433
126	21	18	-1	1346807488
126	21	23	1	1346807576
126	22	5	-1	1346807096
126	22	9	-1	1346807403
126	22	18	-1	1346807486
126	22	23	1	1346807572
126	33	1	1	1346807813
126	33	5	-1	1346807089
126	33	9	1	1346807444
126	33	14	1	1346806142
126	33	18	1	1346807494
126	33	23	1	1346807586
126	37	5	-1	1346807100
126	37	9	-1	1346807445
126	37	14	-1	1346806140
126	37	18	-1	1346807496
126	37	23	-1	1346807589
126	42	5	-1	1346807094
126	42	9	1	1346807439
126	42	14	-1	1346806143
126	42	18	1	1346807491
126	42	23	1	1346807579
127	4	7	-1	1346807296
127	4	8	-1	1346808965
127	4	13	1	1346806549
127	4	24	1	1346807439
127	11	7	-1	1346807298
127	11	8	1	1346808966
127	11	13	1	1346806550
127	11	24	1	1346807441
127	13	7	1	1346807291
127	13	8	-1	1346808973
127	13	13	-1	1346808988
127	13	24	1	1346807436
127	31	7	-1	1346807287
127	31	8	-1	1346808960
127	31	13	-1	1346806542
127	31	24	1	1346807435
127	48	7	1	1346807293
127	48	8	-1	1346808962
127	48	13	-1	1346806548
127	48	24	-1	1346807438
127	59	7	-1	1346807289
127	59	8	-1	1346808953
127	59	13	-1	1346806541
127	59	24	-1	1346807430
128	12	10	-1	1346806193
128	12	19	1	1346807140
128	12	21	1	1346807075
128	12	26	1	1346807880
128	42	10	-1	1346806192
128	42	19	-1	1346807160
128	42	21	1	1346807096
128	42	26	-1	1346807912
128	43	10	-1	1346806195
128	43	19	-1	1346807152
128	43	21	1	1346807075
128	43	26	-1	1346807872
128	47	10	-1	1346806189
128	47	19	1	1346807158
128	47	21	1	1346807084
128	47	26	-1	1346807909
128	58	10	1	1346807931
128	58	19	-1	1346807157
128	58	21	1	1346807082
128	58	26	1	1346807895
128	67	10	1	1346806191
128	67	19	-1	1346807161
128	67	21	-1	1346807097
128	67	26	-1	1346807914
129	18	2	1	1346807278
130	20	6	1	1346807286
131	7	1	1	1346807902
131	7	2	1	1346807730
131	7	6	1	1346807427
131	7	7	1	1346807316
131	7	9	1	1346807045
131	7	21	-1	1346807135
131	7	24	1	1346807455
131	13	6	-1	1346807433
131	13	7	1	1346807326
131	13	9	-1	1346807050
131	13	21	-1	1346807155
131	13	24	1	1346807461
131	15	6	1	1346807425
131	15	7	1	1346807311
131	15	9	1	1346807047
131	15	24	1	1346807454
131	45	6	1	1346807429
131	45	7	1	1346807320
131	45	9	-1	1346807048
131	45	21	1	1346807140
131	45	24	-1	1346807457
131	65	6	-1	1346807431
131	65	7	1	1346807323
131	65	9	1	1346807045
131	65	21	-1	1346807151
131	65	24	-1	1346807460
131	70	6	-1	1346807432
131	70	7	-1	1346807325
131	70	9	-1	1346807049
131	70	21	1	1346807153
131	70	24	1	1346807460
131	107	2	1	1346807387
131	107	6	-1	1346807437
131	107	21	1	1346807592
132	1	10	-1	1346806163
132	1	13	1	1346806582
132	1	19	1	1346807186
132	6	10	1	1346806164
132	6	13	1	1346806585
132	6	19	1	1346807187
132	11	10	1	1346806167
132	11	13	1	1346806577
132	11	19	1	1346807180
132	28	10	-1	1346806162
132	28	13	-1	1346806594
132	28	19	-1	1346807181
132	40	10	-1	1346806165
132	40	13	-1	1346806587
132	40	19	-1	1346807188
132	46	10	-1	1346806166
132	46	13	1	1346806616
132	46	19	1	1346807192
133	22	23	1	1346807090
133	29	23	-1	1346807101
133	30	23	1	1346807108
133	36	23	1	1346807087
133	36	27	1	1346807044
133	39	23	-1	1346807093
133	45	23	1	1346807106
133	45	27	1	1346807051
133	48	23	1	1346807112
133	48	27	1	1346806739
134	1	14	-1	1346806213
134	1	18	-1	1346807601
134	8	18	-1	1346807552
134	49	18	1	1346807597
134	55	14	1	1346806212
134	55	18	-1	1346807636
134	60	18	-1	1346807589
134	63	18	-1	1346807593
134	120	18	1	1346807864
134	123	18	1	1346807866
135	10	5	-1	1346807207
135	10	17	-1	1346808964
135	13	5	-1	1346807156
135	13	17	-1	1346808969
135	37	5	-1	1346807208
135	37	17	-1	1346808961
135	53	5	-1	1346807198
135	53	17	-1	1346808968
135	57	5	1	1346807209
135	57	17	-1	1346808942
135	68	5	-1	1346807198
135	68	17	1	1346808966
136	1	9	1	1346807720
136	1	10	-1	1346806616
136	1	13	1	1346806683
136	1	18	-1	1346807759
136	3	9	-1	1346807722
136	3	10	-1	1346806615
136	3	13	1	1346806682
136	3	18	-1	1346807758
136	17	9	-1	1346807722
136	17	10	-1	1346806613
136	17	13	-1	1346806679
136	17	18	-1	1346807754
136	17	27	-1	1346807124
136	19	9	1	1346807721
136	19	10	-1	1346806613
136	19	13	1	1346806681
136	19	18	1	1346807756
136	19	27	1	1346807156
136	66	1	1	1346808010
136	66	9	1	1346807744
136	66	10	1	1346806617
136	66	13	1	1346806685
136	66	18	1	1346807749
136	66	27	1	1346808025
136	72	9	-1	1346807723
136	72	10	-1	1346806610
136	72	13	-1	1346806677
136	72	18	-1	1346807752
137	14	5	-1	1346807281
137	14	19	-1	1346807265
137	14	23	1	1346807291
137	46	5	-1	1346807285
137	46	19	1	1346807253
137	46	23	-1	1346807263
137	56	5	1	1346807276
137	56	19	-1	1346807267
137	56	23	-1	1346807283
137	61	5	1	1346807278
137	61	19	1	1346807264
137	61	23	1	1346807299
137	63	5	-1	1346807280
137	63	19	1	1346807214
137	63	23	1	1346807294
137	69	5	1	1346807282
137	69	19	-1	1346807255
137	69	23	-1	1346807268
138	9	7	1	1346807372
138	9	21	1	1346807208
138	15	7	1	1346807373
138	15	14	1	1346807989
138	15	21	1	1346807216
138	17	7	-1	1346807378
138	17	14	-1	1346807996
138	17	21	-1	1346807226
138	35	7	-1	1346807380
138	35	21	-1	1346807228
138	43	7	1	1346807376
138	43	21	-1	1346807225
138	68	7	1	1346807374
138	68	21	1	1346807221
139	4	2	-1	1346807461
139	4	8	-1	1346809039
139	10	2	1	1346807078
139	10	8	-1	1346809046
139	26	8	-1	1346809031
139	42	8	1	1346809028
139	49	8	1	1346809033
139	56	2	1	1346807460
139	56	8	1	1346809041
140	1	6	1	1346807350
140	1	24	1	1346807472
140	33	6	-1	1346807375
140	33	24	1	1346807480
140	53	6	-1	1346807371
140	53	24	-1	1346807474
140	58	6	-1	1346807374
140	58	24	-1	1346807478
140	60	6	1	1346807378
140	60	24	-1	1346807498
140	70	6	-1	1346807376
140	70	24	1	1346807483
141	31	5	1	1346807329
141	31	9	-1	1346807797
141	31	19	-1	1346807305
141	31	21	1	1346807264
141	31	23	1	1346807648
141	44	5	1	1346807325
141	44	9	1	1346807796
141	44	19	1	1346807304
141	44	21	1	1346807297
141	44	23	1	1346807644
141	52	1	1	1346808102
141	52	2	1	1346807776
141	52	5	1	1346807323
141	52	6	1	1346808124
141	52	9	1	1346807793
141	52	19	1	1346807294
141	52	21	1	1346807259
141	52	23	1	1346807639
141	54	5	-1	1346807328
141	54	9	-1	1346807797
141	54	19	-1	1346807298
141	54	21	1	1346807263
141	54	23	1	1346807646
141	56	5	-1	1346807330
141	56	9	-1	1346807802
141	56	19	-1	1346807307
141	56	21	-1	1346807286
141	56	23	-1	1346807651
141	64	5	-1	1346807324
141	64	9	-1	1346807791
141	64	19	1	1346807291
141	64	21	-1	1346807255
141	64	23	1	1346807624
142	32	7	-1	1346807445
142	32	24	1	1346807512
142	32	26	1	1346807954
142	41	7	1	1346807447
142	41	24	1	1346807509
142	41	26	-1	1346807955
142	42	7	1	1346807439
142	42	24	1	1346807518
142	42	26	-1	1346807948
142	51	7	1	1346807435
142	51	26	1	1346807946
142	61	7	1	1346807451
142	61	24	-1	1346807510
142	61	26	-1	1346807964
142	67	7	1	1346807441
142	67	24	1	1346807516
142	67	26	-1	1346807949
143	12	10	-1	1346808831
143	12	14	1	1346806263
143	27	10	-1	1346808759
143	36	10	-1	1346806550
143	36	14	-1	1346806258
143	44	10	-1	1346806548
143	58	10	-1	1346806544
143	58	14	1	1346806261
143	66	10	1	1346806553
143	66	14	1	1346806262
144	19	13	1	1346806791
144	19	18	1	1346807787
144	25	13	-1	1346806735
144	25	18	-1	1346807779
144	26	13	-1	1346806736
144	26	18	-1	1346807780
144	32	13	-1	1346806737
144	32	18	-1	1346807783
144	33	13	-1	1346806738
144	33	18	-1	1346807784
144	40	13	-1	1346806736
144	40	18	-1	1346807781
144	45	13	-1	1346806796
144	45	18	1	1346807777
144	62	13	1	1346806790
144	62	18	1	1346807786
145	3	17	1	1346809042
145	10	17	-1	1346809045
145	39	17	1	1346809052
145	56	17	-1	1346809033
145	65	17	-1	1346809048
146	2	1	1	1346808064
146	2	7	1	1346807479
146	2	9	1	1346807552
146	2	18	1	1346807925
146	2	24	1	1346807534
146	2	26	1	1346807998
146	2	27	1	1346807510
146	10	9	-1	1346807559
146	10	18	-1	1346807939
146	10	24	-1	1346807569
146	10	26	1	1346808049
146	19	9	1	1346807570
146	19	18	-1	1346807946
146	19	24	-1	1346807599
146	19	26	-1	1346808067
146	21	7	-1	1346807478
146	21	9	-1	1346807564
146	21	18	-1	1346807958
146	21	24	-1	1346807529
146	21	26	-1	1346807980
146	28	7	1	1346807486
146	28	9	-1	1346807556
146	28	18	1	1346807936
146	28	24	1	1346807560
146	28	26	-1	1346808035
146	32	7	-1	1346807489
146	32	9	-1	1346807558
146	32	18	1	1346807942
146	32	24	1	1346807562
146	32	26	-1	1346808039
146	32	27	-1	1346807532
146	34	7	-1	1346807484
146	34	9	-1	1346807554
146	34	18	1	1346807954
146	34	24	1	1346807553
146	34	26	1	1346808024
146	44	9	-1	1346807571
146	44	18	-1	1346807944
146	44	24	-1	1346807570
146	44	26	1	1346808060
146	59	7	-1	1346807482
146	59	9	-1	1346807554
146	59	18	-1	1346807928
146	59	24	-1	1346807537
146	59	26	-1	1346808008
147	16	10	1	1346806284
147	30	10	-1	1346806285
147	45	10	-1	1346806286
147	50	10	-1	1346806287
147	51	10	-1	1346806290
147	71	10	-1	1346806289
148	9	13	1	1346806886
148	9	21	-1	1346807352
148	9	23	1	1346807412
148	22	13	1	1346806846
148	22	21	-1	1346807321
148	22	23	1	1346807404
148	39	13	1	1346806836
148	39	21	1	1346807351
148	39	23	-1	1346807409
148	55	13	1	1346806902
148	55	21	-1	1346807355
148	55	23	-1	1346807419
148	59	13	-1	1346806897
148	59	21	-1	1346807354
148	59	23	1	1346807414
148	64	13	-1	1346806847
148	64	21	-1	1346807322
148	64	23	1	1346807406
149	17	19	-1	1346807353
149	25	19	-1	1346807351
149	47	2	1	1346807813
149	47	19	1	1346807352
149	63	19	1	1346807339
149	65	19	-1	1346807346
149	71	19	-1	1346807345
150	19	5	1	1346808031
150	19	6	1	1346808029
151	7	6	1	1346808198
151	7	9	1	1346808328
151	7	10	1	1346806723
151	7	21	-1	1346807393
151	11	2	-1	1346807849
151	11	6	1	1346808192
151	11	9	-1	1346807296
151	11	10	1	1346806736
151	11	21	1	1346807414
151	38	1	1	1346808183
151	38	2	1	1346808631
151	38	9	1	1346807297
151	38	10	-1	1346806735
151	38	21	1	1346807423
151	48	6	-1	1346808196
151	48	9	-1	1346808335
151	48	10	-1	1346806724
151	48	21	1	1346807395
151	69	9	-1	1346807299
151	69	10	-1	1346806734
151	69	21	-1	1346807426
151	71	9	-1	1346807300
151	71	10	-1	1346806733
151	71	21	-1	1346807425
152	17	5	-1	1346808114
152	17	23	1	1346807701
152	18	5	1	1346808111
152	18	23	1	1346807693
152	20	5	1	1346808112
152	20	23	1	1346807696
152	23	5	-1	1346808115
152	23	23	-1	1346807706
152	35	5	1	1346808113
152	35	23	1	1346807699
152	50	23	1	1346807843
153	11	7	-1	1346807349
153	11	13	1	1346806926
153	11	19	1	1346807384
153	12	7	1	1346807347
153	12	13	1	1346806939
153	12	19	1	1346807383
153	15	7	-1	1346807342
153	15	13	-1	1346806914
153	15	19	1	1346807376
153	21	7	-1	1346807344
153	21	13	-1	1346806915
153	21	19	1	1346807379
153	49	7	1	1346807351
153	49	13	1	1346806950
153	49	19	1	1346807386
153	68	7	1	1346807346
153	68	13	1	1346806917
153	68	19	1	1346807382
153	68	27	1	1346808085
154	19	18	1	1346807993
154	19	26	1	1346808114
154	20	18	-1	1346807991
154	20	26	-1	1346808104
154	29	18	-1	1346807977
154	29	26	-1	1346808095
154	42	18	-1	1346807980
154	42	26	-1	1346808102
154	44	18	1	1346807983
154	44	26	1	1346808094
154	47	18	1	1346807987
154	47	26	1	1346808101
155	28	24	1	1346807782
155	53	24	-1	1346807793
155	54	24	-1	1346807796
155	58	24	-1	1346807794
155	65	24	-1	1346807783
155	71	24	-1	1346808953
156	5	5	-1	1346807366
156	5	9	-1	1346808311
156	5	14	1	1346806687
156	5	18	-1	1346808036
156	5	23	-1	1346807907
156	6	5	1	1346807358
156	6	9	1	1346808315
156	6	17	1	1346808368
156	6	18	-1	1346808031
156	6	23	-1	1346807898
156	20	5	1	1346807370
156	20	9	-1	1346808313
156	20	14	1	1346806705
156	20	17	1	1346808382
156	20	18	1	1346808038
156	20	23	1	1346807911
156	20	27	1	1346806570
156	41	1	1	1346808228
156	41	5	1	1346807367
156	41	9	1	1346808312
156	41	14	-1	1346806699
156	41	17	-1	1346808378
156	41	18	1	1346808018
156	41	23	1	1346807909
156	41	27	1	1346806606
156	46	5	-1	1346807362
156	46	17	-1	1346808371
156	46	18	-1	1346808033
156	46	23	-1	1346807905
156	72	5	1	1346807359
156	72	9	-1	1346808368
156	72	14	-1	1346806694
156	72	17	-1	1346808353
156	72	18	-1	1346808010
156	72	23	1	1346807880
157	8	7	1	1346807597
157	8	8	1	1346809207
157	8	13	-1	1346807011
157	8	24	1	1346808233
157	13	7	1	1346807603
157	13	8	1	1346809199
157	13	13	-1	1346807026
157	13	24	1	1346808234
157	23	7	-1	1346807593
157	23	8	-1	1346809204
157	23	13	-1	1346807009
157	23	24	-1	1346808231
157	24	7	-1	1346807608
157	24	8	1	1346809211
157	24	13	-1	1346807019
157	24	24	1	1346808239
157	27	7	1	1346807612
157	27	8	-1	1346809209
157	27	13	-1	1346807015
157	27	24	-1	1346808237
157	44	7	1	1346807609
157	44	8	-1	1346809235
157	44	13	1	1346807018
157	44	24	-1	1346808238
158	10	10	-1	1346807537
158	10	19	-1	1346807411
158	11	2	1	1346807648
158	11	6	1	1346808254
158	11	10	1	1346808455
158	19	2	1	1346807918
158	19	6	1	1346808243
158	19	10	-1	1346808456
158	19	19	1	1346807409
158	20	6	-1	1346808255
158	20	10	-1	1346807534
158	20	19	1	1346807406
158	26	10	-1	1346807542
158	26	19	-1	1346807413
158	38	10	-1	1346807538
158	38	19	-1	1346807412
158	42	10	-1	1346807536
158	42	19	-1	1346807411
159	22	26	1	1346809510
159	27	26	-1	1346809504
159	34	26	-1	1346809514
159	35	26	-1	1346809505
159	58	26	1	1346809507
159	63	26	1	1346809506
160	14	21	-1	1346807468
160	29	21	-1	1346807467
160	34	21	-1	1346807466
160	48	21	-1	1346807467
160	56	21	1	1346807470
160	66	21	-1	1346807466
161	15	6	1	1346808281
161	15	13	1	1346807229
161	15	19	-1	1346807441
161	15	21	1	1346807565
161	15	23	-1	1346807950
161	15	24	1	1346808260
161	27	6	-1	1346808296
161	27	13	-1	1346807224
161	27	19	1	1346807437
161	27	21	-1	1346807572
161	27	23	1	1346807956
161	27	24	-1	1346808263
161	38	1	1	1346808244
161	38	6	-1	1346808294
161	38	13	1	1346807221
161	38	19	-1	1346807442
161	38	21	1	1346807568
161	38	23	1	1346807953
161	42	6	-1	1346808297
161	42	13	1	1346807210
161	42	19	-1	1346807439
161	42	21	1	1346807557
161	42	23	1	1346807941
161	42	24	1	1346808248
161	44	6	1	1346808293
161	44	13	-1	1346807260
161	44	19	1	1346807432
161	44	21	-1	1346807559
161	44	23	1	1346807948
161	44	24	-1	1346808258
161	67	6	-1	1346808291
161	67	13	1	1346807266
161	67	19	-1	1346807440
161	67	21	-1	1346807558
161	67	23	1	1346807945
161	67	24	-1	1346808256
162	1	5	1	1346807395
162	1	10	-1	1346806663
162	1	22	1	1346810638
162	26	5	1	1346807394
162	26	10	-1	1346806662
162	26	22	-1	1346810689
162	30	5	1	1346807392
162	30	10	-1	1346806661
162	30	22	1	1346810635
162	34	5	-1	1346807391
162	34	10	-1	1346806659
162	34	22	1	1346810696
162	35	5	1	1346807388
162	35	10	1	1346806657
162	35	22	-1	1346810700
162	48	5	1	1346807392
162	48	10	-1	1346806661
162	48	22	-1	1346810632
163	6	2	1	1346808007
163	6	7	1	1346807737
163	6	26	1	1346808155
163	6	27	1	1346809003
163	17	2	-1	1346808021
163	17	7	-1	1346807741
163	17	26	-1	1346808246
163	18	2	1	1346808030
163	18	7	1	1346807740
163	18	26	1	1346808225
163	22	2	1	1346808016
163	22	7	1	1346807718
163	22	26	1	1346808211
163	46	7	1	1346807703
163	46	26	1	1346808151
163	64	7	1	1346807715
163	64	26	-1	1346808207
164	19	14	1	1346806302
165	9	9	1	1346808103
165	9	18	1	1346808096
165	15	9	1	1346808096
165	15	18	1	1346808081
165	32	9	1	1346808079
165	32	18	-1	1346808082
165	54	9	-1	1346807936
165	54	18	1	1346808085
165	57	9	-1	1346808098
165	57	18	-1	1346808069
165	70	9	-1	1346808099
165	70	18	-1	1346808091
166	12	2	1	1346808063
166	12	5	1	1346807472
166	12	10	-1	1346807091
166	12	23	1	1346808034
166	12	26	1	1346808296
166	22	2	1	1346808278
166	22	5	-1	1346807473
166	22	10	1	1346807089
166	22	23	-1	1346808039
166	22	26	1	1346808295
166	26	5	1	1346807470
166	26	10	-1	1346807092
166	26	23	1	1346808026
166	26	26	-1	1346808297
166	30	1	1	1346808283
166	30	2	1	1346808276
166	30	5	1	1346807475
166	30	10	1	1346807093
166	30	23	1	1346808042
166	30	26	-1	1346808311
166	40	5	1	1346807469
166	40	10	-1	1346807093
166	40	23	-1	1346808023
166	40	26	-1	1346808298
166	64	5	1	1346807463
166	64	10	-1	1346807094
166	64	23	-1	1346808021
166	64	26	-1	1346808298
167	13	6	-1	1346808390
167	13	7	1	1346807779
167	13	18	-1	1346808114
167	17	6	-1	1346808407
167	17	7	-1	1346807811
167	17	18	-1	1346808153
167	54	6	-1	1346808399
167	54	7	-1	1346807807
167	54	18	1	1346808159
167	54	27	1	1346808659
167	57	6	1	1346808394
167	57	7	-1	1346807795
167	57	18	-1	1346808128
167	63	6	-1	1346808409
167	63	7	1	1346807809
167	63	18	-1	1346808138
167	66	6	1	1346808405
167	66	7	1	1346807813
167	66	18	1	1346808145
167	66	27	1	1346808662
168	19	9	1	1346808230
168	19	17	1	1346808272
168	19	24	1	1346808283
168	29	9	-1	1346808234
168	29	17	-1	1346808278
168	29	24	1	1346808288
168	60	9	1	1346808230
168	60	17	1	1346808295
168	60	24	-1	1346808285
168	61	9	-1	1346808232
168	61	24	1	1346808281
168	62	9	-1	1346808232
168	62	17	1	1346808310
168	62	24	1	1346808279
168	67	9	1	1346808227
168	67	24	-1	1346808276
169	1	19	1	1346807475
169	1	21	-1	1346807708
169	2	19	1	1346807473
169	2	21	-1	1346807708
169	11	19	1	1346807471
169	11	21	1	1346807703
169	18	19	-1	1346807480
169	18	21	1	1346807705
169	48	19	-1	1346807477
169	48	21	-1	1346807709
169	63	19	1	1346807476
169	63	21	-1	1346807711
170	4	8	-1	1346809277
170	4	13	1	1346807297
170	11	8	1	1346809276
170	11	13	1	1346807297
170	12	8	1	1346809269
170	12	13	1	1346807285
170	16	8	-1	1346809274
170	16	13	1	1346807293
170	39	8	-1	1346809290
170	39	13	1	1346807297
170	52	8	-1	1346809271
170	52	13	-1	1346807292
171	17	6	-1	1346808221
171	17	7	-1	1346807850
171	17	9	-1	1346808266
171	17	18	-1	1346808209
171	17	19	-1	1346807511
171	17	23	1	1346808084
171	19	1	1	1346808296
171	19	6	1	1346808219
171	19	7	1	1346807912
171	19	9	1	1346808385
171	19	18	1	1346808224
171	19	19	1	1346807510
171	19	23	1	1346808118
171	36	6	-1	1346808223
171	36	7	-1	1346807878
171	36	9	-1	1346808268
171	36	18	1	1346808223
171	36	19	-1	1346807512
171	36	23	1	1346808116
171	41	6	-1	1346808226
171	41	7	1	1346807849
171	41	9	1	1346808265
171	41	18	1	1346808206
171	41	19	-1	1346807511
171	41	23	1	1346808082
171	62	6	-1	1346808216
171	62	7	1	1346807853
171	62	9	1	1346808689
171	62	18	-1	1346808205
171	62	19	1	1346807507
171	62	23	1	1346808081
171	63	6	-1	1346808222
171	63	7	1	1346807907
171	63	9	-1	1346808283
171	63	18	-1	1346808220
171	63	19	-1	1346807513
171	63	23	-1	1346808132
172	9	5	1	1346807506
172	9	13	1	1346807330
172	9	24	1	1346808306
172	11	5	1	1346807497
172	11	13	1	1346807309
172	11	24	1	1346808297
172	16	5	1	1346807500
172	16	13	1	1346807324
172	16	24	1	1346808298
172	24	5	-1	1346807503
172	24	13	-1	1346807326
172	24	24	1	1346808301
172	29	5	-1	1346807504
172	29	13	-1	1346807328
172	29	24	1	1346808305
172	48	5	1	1346807499
172	48	13	-1	1346807307
172	48	24	-1	1346808296
173	14	8	1	1346809369
173	14	10	1	1346806575
173	14	21	-1	1346807808
173	18	8	1	1346809368
173	18	10	-1	1346806574
173	18	21	1	1346807805
173	21	8	-1	1346809378
173	21	10	-1	1346806571
173	21	21	1	1346807803
173	32	8	-1	1346809370
173	32	10	-1	1346806576
173	32	21	-1	1346807810
173	40	8	-1	1346809377
173	40	10	-1	1346806563
173	40	21	-1	1346807780
173	58	8	1	1346809375
173	58	10	-1	1346806567
173	58	21	1	1346807797
174	3	14	-1	1346806768
174	3	26	-1	1346806772
174	24	14	-1	1346806742
174	24	26	-1	1346806760
174	42	14	-1	1346806763
174	42	26	-1	1346806777
174	54	14	1	1346806743
174	54	26	1	1346806798
174	60	14	1	1346806761
174	60	26	1	1346806775
174	66	14	1	1346806745
174	66	26	1	1346806790
175	51	2	1	1346808133
176	18	5	1	1346807554
176	18	13	1	1346807352
176	18	21	1	1346807872
176	23	5	-1	1346807550
176	23	13	-1	1346807347
176	23	21	1	1346807844
176	24	5	-1	1346807556
176	24	13	1	1346807354
176	24	21	1	1346807922
176	29	5	-1	1346807552
176	29	13	1	1346807349
176	29	21	-1	1346807845
176	38	5	-1	1346807552
176	38	13	1	1346807350
176	38	21	-1	1346807908
176	58	5	1	1346807548
176	58	13	1	1346807340
176	58	21	1	1346807830
177	1	6	-1	1346808324
177	1	10	-1	1346806079
177	3	6	1	1346808326
177	3	10	1	1346806082
177	32	6	-1	1346808329
177	32	10	-1	1346806080
177	39	6	-1	1346808329
177	39	10	-1	1346806081
177	51	6	-1	1346808325
177	51	10	-1	1346806077
177	54	6	-1	1346808327
177	54	10	-1	1346806078
177	54	27	1	1346807882
178	15	7	1	1346807936
178	15	24	1	1346808347
178	15	26	1	1346808385
178	41	2	1	1346808237
178	41	7	1	1346807928
178	41	24	1	1346808332
178	41	26	-1	1346808342
178	52	7	-1	1346807938
178	52	24	-1	1346808350
178	52	26	1	1346808399
178	60	7	-1	1346807933
178	60	24	-1	1346808345
178	60	26	-1	1346808372
178	65	2	1	1346808248
178	65	7	1	1346807932
178	65	24	1	1346808342
178	65	26	-1	1346808363
178	71	7	-1	1346807930
178	71	24	-1	1346808340
178	71	26	1	1346808353
179	1	17	1	1346809102
179	1	19	1	1346807532
179	9	17	1	1346809115
179	9	19	1	1346807534
179	14	17	-1	1346809121
179	14	19	-1	1346807538
179	16	17	-1	1346809105
179	16	19	1	1346807534
179	45	17	-1	1346809124
179	45	19	-1	1346807538
179	64	17	-1	1346809118
179	64	19	1	1346807536
180	5	9	-1	1346808498
180	5	18	-1	1346808255
180	38	9	1	1346808490
180	38	18	1	1346808254
180	45	9	-1	1346808502
180	45	18	-1	1346808256
180	47	9	1	1346808504
180	47	18	1	1346808247
180	59	9	-1	1346808491
180	59	18	-1	1346808254
180	70	9	-1	1346808503
180	70	18	-1	1346808256
181	1	6	1	1346808478
181	1	19	-1	1346808141
181	1	23	1	1346808188
181	1	26	-1	1346808438
181	22	2	1	1346808677
181	22	6	1	1346808485
181	22	19	1	1346808137
181	22	23	1	1346808177
181	22	26	1	1346808427
181	32	6	-1	1346808487
181	32	19	-1	1346808143
181	32	23	1	1346808175
181	32	26	1	1346808423
181	35	2	-1	1346808671
181	35	6	-1	1346808487
181	35	19	-1	1346808143
181	35	23	-1	1346808172
181	35	26	-1	1346808420
181	60	6	1	1346808482
181	60	19	1	1346808138
181	60	23	1	1346808179
181	60	26	1	1346808429
181	71	6	-1	1346808488
181	71	19	-1	1346808146
181	71	23	1	1346808160
181	71	26	-1	1346808453
182	5	5	-1	1346807597
182	5	7	1	1346807999
182	5	18	-1	1346808286
182	5	24	1	1346808383
182	16	5	1	1346807594
182	16	7	1	1346807995
182	16	18	1	1346808283
182	16	24	1	1346808363
182	25	5	-1	1346807604
182	25	7	1	1346808009
182	25	18	1	1346808291
182	25	24	1	1346808390
182	45	5	1	1346807595
182	45	7	-1	1346807997
182	45	18	-1	1346808285
182	45	24	1	1346808365
182	52	5	1	1346807603
182	52	7	-1	1346808007
182	52	18	-1	1346808289
182	52	24	-1	1346808389
182	66	5	1	1346807601
182	66	7	1	1346808001
182	66	18	-1	1346808288
182	66	24	1	1346808388
183	2	9	1	1346807914
183	2	10	1	1346807579
183	12	9	-1	1346807917
183	12	10	-1	1346807583
183	14	9	-1	1346807916
183	14	10	-1	1346807582
183	23	9	-1	1346807915
183	23	10	-1	1346807580
183	49	9	-1	1346807915
183	49	10	-1	1346807581
183	68	9	1	1346807907
183	68	10	1	1346807583
184	15	21	-1	1346806970
184	28	14	1	1346806960
184	28	21	-1	1346806970
184	39	21	-1	1346806967
184	51	14	1	1346806955
184	51	21	1	1346806961
184	62	21	-1	1346806968
184	66	21	-1	1346806960
185	4	8	1	1346809413
185	4	13	1	1346807384
185	8	8	-1	1346809419
185	8	13	-1	1346807381
185	22	8	1	1346809425
185	22	13	1	1346807389
185	28	8	1	1346809417
185	28	13	-1	1346807382
185	31	8	-1	1346809412
185	31	13	-1	1346807387
185	43	8	-1	1346809437
185	43	13	-1	1346807379
186	2	5	-1	1346807633
186	2	18	-1	1346808307
186	2	23	1	1346808222
186	2	24	1	1346808402
186	13	5	-1	1346807640
186	13	18	-1	1346808325
186	13	23	1	1346808233
186	13	24	1	1346808405
186	14	5	-1	1346807649
186	14	14	-1	1346807587
186	14	18	-1	1346808322
186	14	23	1	1346808268
186	14	24	1	1346808412
186	19	5	1	1346807646
186	19	14	1	1346807583
186	19	18	1	1346808315
186	19	23	-1	1346808266
186	19	24	1	1346808409
186	52	5	1	1346807641
186	52	14	1	1346807012
186	52	18	-1	1346808315
186	52	23	1	1346808261
186	52	24	-1	1346808406
186	66	5	-1	1346807651
186	66	14	1	1346807016
186	66	18	-1	1346808322
186	66	23	-1	1346808271
186	66	24	1	1346808415
187	8	6	-1	1346808720
187	8	10	-1	1346806823
187	8	13	-1	1346807431
187	8	22	-1	1346810828
187	9	6	1	1346808723
187	9	10	-1	1346806837
187	9	13	1	1346807425
187	9	22	1	1346810817
187	28	6	-1	1346808718
187	28	10	-1	1346806822
187	28	13	-1	1346807432
187	28	22	-1	1346810825
187	47	6	-1	1346808724
187	47	10	-1	1346806838
187	47	13	1	1346807429
187	47	22	1	1346810740
187	51	6	-1	1346808716
187	51	10	-1	1346806821
187	51	13	-1	1346807440
187	51	22	-1	1346810823
187	68	6	1	1346808722
187	68	10	1	1346806836
187	68	13	1	1346807427
187	68	22	-1	1346810794
188	15	7	-1	1346808084
188	15	8	-1	1346810560
188	18	8	1	1346810526
188	18	27	1	1346808980
188	33	7	-1	1346808063
188	33	8	-1	1346810514
188	35	7	-1	1346808035
188	35	8	-1	1346810506
188	36	7	-1	1346808087
188	36	8	-1	1346810577
188	42	7	1	1346808039
188	42	8	1	1346810511
188	42	27	1	1346808900
188	59	7	-1	1346808090
188	59	8	-1	1346810524
189	5	19	1	1346808099
189	5	26	1	1346808481
189	7	19	1	1346808104
189	7	26	-1	1346808496
189	9	19	1	1346808098
189	9	26	1	1346808479
189	12	19	1	1346808102
189	12	26	1	1346808493
189	25	19	-1	1346808105
189	25	26	-1	1346808483
189	58	19	-1	1346808106
189	58	26	1	1346808492
190	20	2	1	1346808537
191	9	6	1	1346808958
191	9	10	-1	1346808874
191	9	13	1	1346807484
191	9	19	1	1346808241
191	9	23	1	1346808388
191	15	6	-1	1346808958
191	15	10	-1	1346808873
191	15	13	1	1346807483
191	15	19	-1	1346808239
191	15	23	-1	1346808385
191	18	6	-1	1346808957
191	18	10	-1	1346808871
191	18	13	1	1346807479
191	18	19	1	1346808237
191	18	23	1	1346808383
191	42	6	-1	1346808950
191	42	10	-1	1346808876
191	42	13	-1	1346807488
191	42	19	-1	1346808233
191	42	23	1	1346808365
191	48	6	-1	1346808951
191	48	10	-1	1346808876
191	48	13	-1	1346807461
191	48	19	-1	1346808234
191	48	23	1	1346808374
191	68	6	1	1346808955
191	68	10	1	1346808870
191	68	13	1	1346807478
191	68	19	1	1346808236
191	68	23	1	1346808376
192	5	5	-1	1346807932
192	5	7	-1	1346808361
192	7	5	1	1346807935
192	7	7	1	1346808363
192	7	27	1	1346808697
192	31	5	1	1346807957
192	31	7	-1	1346808369
192	34	5	-1	1346807936
192	34	7	-1	1346808365
192	39	5	-1	1346807937
192	39	7	1	1346808366
192	59	5	-1	1346807952
192	59	7	-1	1346808368
193	10	2	1	1346808726
193	10	24	1	1346808428
193	10	26	1	1346808518
193	12	24	1	1346808429
193	12	26	1	1346808519
193	13	24	1	1346808424
193	13	26	1	1346808513
193	38	24	1	1346808432
193	38	26	-1	1346808521
193	43	24	1	1346808438
193	43	26	-1	1346808522
193	64	24	-1	1346808426
193	64	26	-1	1346808515
194	32	14	-1	1346807533
194	32	18	-1	1346807697
194	35	14	1	1346807537
194	35	18	-1	1346807704
194	38	18	1	1346807703
194	42	18	1	1346807709
194	58	18	1	1346807706
194	66	18	1	1346807695
195	20	17	1	1346809184
195	27	17	-1	1346809189
195	37	17	-1	1346809191
195	61	17	-1	1346809192
195	65	17	1	1346809178
195	66	17	1	1346809194
196	5	1	1	1346809974
196	5	2	1	1346808764
196	5	8	1	1346810603
196	5	14	1	1346809296
196	15	8	-1	1346810619
196	15	14	1	1346808460
196	18	8	1	1346810625
196	18	14	1	1346809304
196	24	2	1	1346808757
196	24	8	-1	1346810611
196	24	14	-1	1346808468
196	61	8	1	1346810637
196	61	14	-1	1346808471
196	69	8	-1	1346810619
196	69	14	1	1346808458
197	6	7	1	1346808394
197	6	13	1	1346807534
197	6	26	1	1346808563
197	10	7	1	1346808390
197	10	13	1	1346807542
197	10	26	1	1346808558
197	35	7	-1	1346808393
197	35	13	-1	1346807526
197	35	26	-1	1346808562
197	42	7	-1	1346808391
197	42	13	-1	1346807538
197	42	26	-1	1346808561
197	51	7	1	1346808387
197	51	13	-1	1346807548
197	51	26	1	1346808537
197	56	7	1	1346808388
197	56	13	1	1346807546
197	56	26	-1	1346808547
198	13	17	-1	1346809222
198	13	19	-1	1346808267
198	13	22	-1	1346810930
198	13	24	1	1346808446
198	32	17	-1	1346809225
198	32	19	1	1346808263
198	32	22	-1	1346810897
198	32	24	1	1346808455
198	38	17	-1	1346809229
198	38	19	-1	1346808262
198	38	22	1	1346810893
198	38	24	1	1346808454
198	45	17	-1	1346809232
198	45	19	1	1346808259
198	45	22	-1	1346810901
198	45	24	-1	1346808452
198	46	17	1	1346809235
198	46	19	1	1346808265
198	46	22	1	1346810914
198	46	24	1	1346808449
198	62	17	1	1346809219
198	62	19	-1	1346808268
198	62	22	1	1346810889
198	62	24	1	1346808445
199	12	18	-1	1346808350
199	12	23	-1	1346808516
199	18	18	-1	1346808356
199	18	23	-1	1346808412
199	38	18	1	1346808357
199	38	23	1	1346808449
199	54	18	-1	1346808355
199	54	23	1	1346808414
199	56	18	-1	1346808362
199	56	23	-1	1346808503
199	66	18	-1	1346808352
199	66	23	-1	1346808499
200	3	6	1	1346808343
200	3	10	1	1346807064
200	18	10	-1	1346807065
200	25	10	1	1346807068
200	36	10	-1	1346807065
200	41	10	-1	1346807069
201	10	6	1	1346809079
201	10	7	1	1346808412
201	10	13	1	1346807577
201	10	19	1	1346808296
201	11	6	1	1346809082
201	11	7	-1	1346808416
201	11	13	1	1346807581
201	11	17	1	1346809280
201	11	19	1	1346808285
201	16	6	1	1346809080
201	16	7	1	1346808414
201	16	13	1	1346807579
201	16	17	-1	1346809276
201	16	19	1	1346808284
201	28	7	-1	1346808419
201	28	13	-1	1346807584
201	28	17	-1	1346809286
201	28	19	-1	1346808300
201	31	7	-1	1346808417
201	31	13	-1	1346807583
201	31	17	-1	1346809283
201	31	19	-1	1346808300
201	36	7	-1	1346808413
201	36	13	-1	1346807578
201	36	17	-1	1346809274
201	36	19	-1	1346808297
202	12	14	1	1346808354
202	12	22	1	1346811000
202	12	24	1	1346808474
202	46	22	1	1346811005
202	46	24	1	1346808471
202	53	14	-1	1346809211
202	53	22	-1	1346811024
202	53	24	-1	1346808469
202	60	22	-1	1346811022
202	60	24	-1	1346808470
202	65	22	1	1346810969
202	65	24	-1	1346808479
202	66	14	1	1346809219
202	66	22	1	1346810972
202	66	24	1	1346808474
203	7	18	-1	1346808427
203	7	23	1	1346808536
203	7	26	-1	1346808586
203	38	18	-1	1346808448
203	38	23	1	1346808553
203	38	26	-1	1346808605
203	52	18	-1	1346808443
203	52	23	1	1346808549
203	52	26	1	1346808602
203	54	2	1	1346808797
203	54	18	1	1346808449
203	54	23	1	1346808555
203	54	26	1	1346808606
203	55	18	-1	1346808441
203	55	23	-1	1346808545
203	55	26	-1	1346808601
203	62	2	1	1346808800
203	62	18	1	1346808439
203	62	23	1	1346808543
203	62	26	1	1346808587
204	9	5	1	1346808178
204	9	10	1	1346806714
204	16	5	1	1346808177
204	16	10	1	1346806708
204	18	5	1	1346808183
204	18	10	-1	1346806713
204	38	5	-1	1346808182
204	38	10	-1	1346806713
204	45	5	1	1346808189
204	45	10	-1	1346806711
204	60	5	-1	1346808186
204	60	10	-1	1346806712
206	4	8	-1	1346810683
206	4	22	1	1346811103
206	4	23	1	1346808594
206	6	8	1	1346810668
206	6	22	1	1346811071
206	6	23	-1	1346808588
206	19	8	1	1346810672
206	19	22	-1	1346811077
206	19	23	1	1346808597
206	46	8	1	1346810719
206	46	14	1	1346808287
206	46	22	1	1346811080
206	46	23	1	1346808579
206	59	8	-1	1346810658
206	59	14	1	1346808290
206	59	22	-1	1346811095
206	59	23	1	1346808580
206	68	1	1	1346808346
206	68	8	1	1346810665
206	68	14	1	1346808292
206	68	22	1	1346811067
206	68	23	1	1346808583
207	17	13	-1	1346807605
207	17	18	-1	1346808470
207	17	26	-1	1346808649
207	18	13	-1	1346807640
207	18	18	-1	1346808475
207	18	26	1	1346808671
207	41	13	-1	1346807639
207	41	18	1	1346808464
207	41	26	-1	1346808672
207	45	13	1	1346807632
207	45	18	1	1346808474
207	45	26	1	1346808666
207	55	13	1	1346807646
207	55	18	-1	1346808468
207	55	26	-1	1346808664
207	64	13	1	1346807650
207	64	18	-1	1346808467
207	64	26	-1	1346808642
208	7	5	1	1346808212
208	7	10	-1	1346807053
208	7	19	-1	1346808341
208	7	24	1	1346808495
208	9	5	1	1346808216
208	9	10	1	1346807051
208	9	19	1	1346808335
208	9	24	-1	1346808506
208	23	5	-1	1346808213
208	23	10	-1	1346807052
208	23	19	-1	1346808343
208	38	5	-1	1346808215
208	38	10	-1	1346807051
208	38	19	-1	1346808345
208	38	24	1	1346808503
208	49	5	1	1346808214
208	49	10	-1	1346807052
208	49	19	1	1346808336
208	49	24	1	1346808502
208	71	5	-1	1346808211
208	71	10	-1	1346807053
208	71	19	-1	1346808341
208	71	24	1	1346808493
209	16	17	-1	1346809304
209	16	27	1	1346807209
209	17	17	-1	1346809307
209	17	27	1	1346807207
209	34	17	1	1346809330
209	38	17	-1	1346809323
209	52	17	-1	1346809320
209	68	17	1	1346809329
210	1	6	-1	1346808157
210	1	7	1	1346808435
210	10	6	1	1346808156
210	10	7	1	1346808472
210	27	6	-1	1346808159
210	27	7	1	1346808433
210	56	6	-1	1346808161
210	56	7	-1	1346808453
210	63	6	-1	1346808163
210	63	7	1	1346808465
210	68	6	1	1346808162
210	68	7	1	1346808466
211	8	5	-1	1346808262
211	8	6	-1	1346809205
211	8	8	-1	1346810746
211	8	13	-1	1346807691
211	8	19	-1	1346808440
211	8	26	-1	1346808719
211	37	5	-1	1346808264
211	37	6	-1	1346809207
211	37	8	1	1346810749
211	37	13	1	1346807699
211	37	19	-1	1346808443
211	37	26	1	1346808721
211	55	1	1	1346808371
211	55	5	1	1346808231
211	55	6	1	1346809199
211	55	8	1	1346810743
211	55	13	1	1346807682
211	55	19	1	1346808437
211	55	26	1	1346808708
211	57	5	1	1346808266
211	57	6	1	1346809202
211	57	8	-1	1346810751
211	57	13	1	1346807700
211	57	19	1	1346808445
211	57	26	1	1346808723
211	63	5	-1	1346808261
211	63	6	-1	1346809204
211	63	8	-1	1346810744
211	63	13	1	1346807682
211	63	19	1	1346808439
211	63	26	1	1346808709
211	65	5	1	1346808263
211	65	6	-1	1346809206
211	65	8	-1	1346810747
211	65	13	1	1346807693
211	65	19	1	1346808441
211	65	26	1	1346808721
212	13	10	-1	1346807017
212	16	10	1	1346807014
212	16	24	1	1346808589
212	23	10	-1	1346807016
212	23	14	-1	1346808259
212	23	24	-1	1346808584
212	29	10	-1	1346807014
212	29	24	1	1346808591
212	43	10	-1	1346807016
212	43	14	-1	1346808257
212	43	24	-1	1346808583
212	52	10	-1	1346807015
212	52	14	1	1346808262
212	52	24	1	1346808587
213	14	2	1	1346808840
213	14	17	-1	1346809352
213	14	18	1	1346808501
213	14	27	-1	1346809103
213	34	17	1	1346809357
213	34	18	1	1346808530
213	35	17	-1	1346809347
213	35	18	-1	1346808491
213	38	17	-1	1346809355
213	38	18	-1	1346808535
213	51	18	-1	1346808504
213	71	2	1	1346808841
213	71	18	1	1346808523
213	71	27	1	1346809098
214	8	7	1	1346808492
214	8	23	1	1346808621
214	26	7	1	1346808493
214	26	23	1	1346808622
214	38	7	-1	1346808495
214	38	23	1	1346808625
214	43	7	-1	1346808498
214	43	23	1	1346808631
214	49	7	-1	1346808499
214	49	23	-1	1346808633
214	68	7	1	1346808497
214	68	23	1	1346808629
215	8	22	-1	1346811159
215	25	22	-1	1346811147
215	33	22	-1	1346811153
215	40	22	-1	1346811150
215	46	22	1	1346811139
215	60	22	-1	1346811132
216	20	2	1	1346808918
216	20	8	-1	1346810778
216	20	17	1	1346809381
216	20	24	1	1346809012
216	23	8	-1	1346810783
216	23	17	-1	1346809392
216	23	24	1	1346809004
216	33	8	-1	1346810782
216	33	17	-1	1346809390
216	33	24	1	1346809006
216	41	1	1	1346808400
216	41	2	1	1346808917
216	41	8	1	1346810778
216	41	17	-1	1346809382
216	41	24	1	1346809013
216	50	8	1	1346810778
216	50	17	-1	1346809389
216	50	24	1	1346809018
216	67	8	1	1346810775
216	67	17	-1	1346809388
216	67	24	-1	1346809018
217	27	13	-1	1346807730
217	27	18	-1	1346808643
217	32	13	-1	1346807724
217	32	18	-1	1346808645
217	49	13	1	1346807727
217	49	18	1	1346808653
217	49	27	1	1346809063
217	51	13	-1	1346807726
217	51	18	1	1346808650
217	62	13	1	1346807719
217	62	18	-1	1346808646
217	68	13	1	1346807728
217	68	18	1	1346808629
218	26	7	1	1346808545
218	26	10	-1	1346807002
218	26	19	-1	1346808520
218	26	23	1	1346808668
218	35	7	-1	1346808532
218	35	10	-1	1346807004
218	35	19	-1	1346808525
218	35	23	-1	1346808656
218	38	7	-1	1346808542
218	38	10	1	1346807001
218	38	19	-1	1346808520
218	38	23	1	1346808665
218	53	7	1	1346808537
218	53	10	-1	1346807003
218	53	19	1	1346808501
218	53	23	-1	1346808660
218	66	7	1	1346808535
218	66	10	-1	1346807004
218	66	19	-1	1346808527
218	66	23	-1	1346808654
218	69	7	-1	1346808540
218	69	10	1	1346808785
218	69	19	1	1346808522
218	69	23	1	1346808663
219	8	5	-1	1346808293
219	8	22	-1	1346811180
219	14	5	-1	1346808296
219	14	22	-1	1346811184
219	20	5	1	1346808287
219	20	22	1	1346811175
219	30	5	1	1346808288
219	30	22	1	1346811176
219	32	5	-1	1346808295
219	32	22	-1	1346811182
219	38	5	-1	1346808290
219	38	22	1	1346811177
220	2	6	-1	1346808813
220	2	26	1	1346808755
220	17	6	-1	1346808811
220	17	26	-1	1346808754
220	20	6	1	1346808814
220	20	26	-1	1346808758
220	47	6	-1	1346808806
220	47	26	-1	1346808753
220	55	6	-1	1346808815
220	55	26	-1	1346808762
220	70	6	1	1346808810
220	70	26	1	1346808770
221	2	6	1	1346808575
221	2	13	1	1346807765
221	2	18	-1	1346808680
221	2	19	1	1346808825
221	2	23	1	1346808727
221	3	1	1	1346808418
221	3	6	1	1346808576
221	3	13	1	1346807847
221	3	18	1	1346808685
221	3	19	1	1346808824
221	3	23	1	1346808728
221	21	6	-1	1346808579
221	21	13	-1	1346807851
221	21	18	-1	1346808693
221	21	19	-1	1346808831
221	21	23	1	1346808738
221	29	6	-1	1346808577
221	29	13	1	1346807848
221	29	18	1	1346808688
221	29	19	-1	1346808829
221	29	23	-1	1346808733
221	51	6	-1	1346808580
221	51	13	-1	1346807938
221	51	18	-1	1346808669
221	51	19	-1	1346808826
221	51	23	1	1346808725
221	58	6	-1	1346808578
221	58	13	1	1346807850
221	58	18	1	1346808695
221	58	19	-1	1346808830
221	58	23	1	1346808736
222	7	7	1	1346808585
222	7	10	-1	1346806976
222	8	7	1	1346808595
222	8	10	-1	1346806981
222	14	7	1	1346808593
222	14	10	1	1346806978
222	14	14	-1	1346808618
222	25	7	1	1346808596
222	25	10	1	1346806980
222	53	7	-1	1346808591
222	53	10	-1	1346806977
222	53	14	1	1346808615
222	54	7	-1	1346808590
222	54	10	-1	1346806976
223	18	2	-1	1346808942
223	18	5	1	1346808320
223	18	22	1	1346811220
223	18	27	1	1346808752
223	28	5	-1	1346808328
223	28	27	1	1346808201
223	30	2	1	1346808936
223	30	5	1	1346808332
223	30	22	1	1346811216
223	38	5	-1	1346808331
223	38	22	1	1346811215
223	38	27	1	1346808205
223	64	5	-1	1346808325
223	64	22	1	1346811230
223	66	5	-1	1346808323
223	66	22	1	1346811211
224	3	17	1	1346809412
224	20	17	1	1346809417
224	38	17	-1	1346809415
224	54	17	-1	1346809418
224	69	17	-1	1346809421
224	72	17	-1	1346809414
225	1	9	-1	1346808443
225	1	24	1	1346809029
225	3	9	1	1346808451
225	3	24	1	1346809034
225	23	9	-1	1346808452
225	42	9	-1	1346808444
225	42	24	1	1346809031
225	43	9	-1	1346808448
225	43	24	1	1346809032
225	61	9	1	1346808450
225	61	24	1	1346809033
226	5	5	-1	1346808361
226	5	9	-1	1346808549
226	5	10	1	1346806695
226	27	5	-1	1346808362
226	27	9	-1	1346808547
226	27	10	-1	1346806689
226	27	14	-1	1346808634
226	48	2	1	1346809334
226	48	5	1	1346808368
226	48	9	-1	1346808542
226	48	10	-1	1346806686
226	53	5	-1	1346808353
226	53	9	-1	1346808557
226	53	10	-1	1346806692
226	53	14	-1	1346808629
226	56	1	1	1346808434
226	56	2	1	1346808956
226	56	5	1	1346808364
226	56	9	1	1346808546
226	56	10	-1	1346806696
226	61	5	1	1346808359
226	61	9	-1	1346808556
226	61	10	-1	1346806691
227	9	13	1	1346807958
227	9	22	1	1346811261
227	9	27	1	1346808818
227	20	13	1	1346807978
227	20	22	1	1346811263
227	20	27	1	1346808807
227	47	13	1	1346807980
227	47	22	1	1346811264
227	47	27	-1	1346808811
227	64	13	-1	1346808095
227	64	22	1	1346811270
227	69	13	-1	1346808094
227	69	22	-1	1346811267
227	71	13	-1	1346807956
227	71	22	1	1346811282
228	13	7	1	1346808645
228	13	19	1	1346808887
228	13	26	1	1346808809
228	16	7	1	1346808643
228	16	19	1	1346808881
228	16	26	1	1346808807
228	18	7	1	1346808644
228	18	19	-1	1346808883
228	18	26	-1	1346808808
228	19	7	-1	1346808647
228	19	19	1	1346808889
228	19	26	-1	1346808823
228	38	7	-1	1346808648
228	38	19	-1	1346808891
228	38	26	-1	1346808824
228	72	7	1	1346808650
228	72	19	-1	1346808892
228	72	26	-1	1346808826
229	10	23	-1	1346808773
229	10	24	-1	1346808874
229	33	23	1	1346808766
229	33	24	1	1346808865
229	44	23	1	1346808769
229	44	24	-1	1346808868
229	47	23	1	1346808771
229	47	24	1	1346808871
229	50	23	1	1346808777
229	50	24	1	1346808875
229	71	23	1	1346808768
229	71	24	1	1346808866
230	2	6	1	1346808749
230	2	18	1	1346808728
230	24	6	-1	1346808745
230	24	18	-1	1346808715
230	31	6	-1	1346808744
230	31	18	1	1346808739
230	45	6	-1	1346808753
230	45	18	-1	1346808725
230	63	6	-1	1346808752
230	63	18	-1	1346808721
230	66	6	1	1346808764
230	66	18	-1	1346808729
231	21	6	-1	1346808596
231	21	19	-1	1346808937
231	21	24	1	1346808827
231	32	6	-1	1346808599
231	32	19	-1	1346808943
231	32	24	1	1346808838
231	36	6	-1	1346808598
231	36	19	-1	1346808937
231	36	24	1	1346808830
231	50	6	-1	1346808598
231	50	19	1	1346808943
231	50	24	1	1346808852
231	57	6	1	1346808590
231	57	19	1	1346808945
231	57	22	1	1346811362
231	57	24	1	1346808824
231	71	1	1	1346808460
231	71	6	1	1346808591
231	71	19	1	1346808935
231	71	22	1	1346811363
231	71	24	1	1346808825
232	10	13	1	1346808215
232	10	17	1	1346809462
232	10	21	1	1346809853
232	18	13	-1	1346808212
232	18	17	-1	1346809456
232	18	21	1	1346809846
232	29	13	-1	1346808225
232	29	17	1	1346809477
232	29	21	-1	1346809849
232	30	13	-1	1346808184
232	30	17	-1	1346809451
232	30	21	-1	1346809848
232	58	13	-1	1346808221
232	58	17	1	1346809460
232	58	21	-1	1346809851
232	69	13	1	1346808215
232	69	17	-1	1346809463
232	69	21	-1	1346809854
233	3	10	1	1346808148
233	3	18	-1	1346808820
233	3	26	-1	1346808891
233	28	10	-1	1346808151
233	28	18	-1	1346808822
233	28	26	-1	1346808883
233	47	10	-1	1346808153
233	47	18	-1	1346808816
233	47	26	-1	1346808846
233	53	10	-1	1346808151
233	53	18	1	1346808840
233	53	26	-1	1346808872
233	61	10	-1	1346808154
233	61	18	1	1346808824
233	61	26	-1	1346808860
233	63	10	-1	1346808150
233	63	18	-1	1346808829
233	63	26	1	1346808899
233	124	2	1	1346809156
234	23	5	-1	1346808388
234	23	14	-1	1346808657
234	36	5	-1	1346808381
234	38	5	-1	1346808383
234	38	14	-1	1346808662
234	39	5	-1	1346808387
234	39	14	-1	1346808655
234	43	5	1	1346808386
234	43	14	-1	1346808653
234	65	5	1	1346808384
234	65	14	1	1346808646
236	12	13	1	1346808246
236	12	14	-1	1346808686
236	12	18	-1	1346808899
236	17	2	-1	1346809303
236	17	13	-1	1346808245
236	17	18	-1	1346808884
236	23	13	-1	1346808240
236	23	18	-1	1346808900
236	38	1	1	1346808483
236	38	2	1	1346809311
236	38	13	1	1346808254
236	38	18	1	1346808883
236	51	13	1	1346808255
236	51	14	1	1346808682
236	51	18	-1	1346808881
236	52	13	1	1346808253
236	52	18	-1	1346808901
237	7	5	-1	1346808429
237	7	10	1	1346806967
237	7	26	-1	1346808939
237	18	5	1	1346808419
237	18	10	-1	1346806963
237	18	26	1	1346808957
237	32	5	-1	1346808423
237	32	10	-1	1346806966
237	32	26	-1	1346808951
237	34	5	-1	1346808431
237	34	10	-1	1346806968
237	34	26	-1	1346808947
237	39	5	-1	1346808421
237	39	10	-1	1346806964
237	39	26	1	1346808965
237	47	5	1	1346808427
237	47	10	-1	1346806966
237	47	26	-1	1346808950
238	2	7	1	1346808712
238	22	7	1	1346808701
238	43	7	-1	1346808699
238	57	7	1	1346808714
238	62	7	1	1346808709
238	67	7	1	1346808698
239	3	6	1	1346808610
239	3	19	1	1346808966
239	12	6	1	1346808609
239	12	19	1	1346808964
239	19	6	1	1346808613
239	19	19	1	1346808971
239	40	6	-1	1346808618
239	40	19	-1	1346808973
239	66	6	-1	1346808620
239	66	19	-1	1346808970
239	71	6	-1	1346808621
239	71	19	-1	1346808969
240	6	24	-1	1346808814
240	26	24	1	1346809051
240	36	24	1	1346808816
240	48	24	1	1346808817
240	51	24	1	1346808812
240	61	24	1	1346808811
241	3	5	-1	1346808497
241	3	6	1	1346808643
241	3	7	1	1346808774
241	3	9	1	1346808665
241	3	10	-1	1346808901
241	3	26	1	1346809007
241	40	5	1	1346808512
241	40	6	-1	1346808655
241	40	7	-1	1346808779
241	40	9	1	1346808661
241	40	10	-1	1346808906
241	40	26	-1	1346809043
241	41	5	1	1346808495
241	41	6	1	1346808642
241	41	7	1	1346808743
241	41	9	1	1346808658
241	41	10	1	1346808900
241	41	26	-1	1346809006
241	50	5	-1	1346808500
241	50	6	-1	1346808653
241	50	7	-1	1346808777
241	50	10	-1	1346808904
241	50	26	1	1346809034
241	58	5	1	1346808514
241	58	6	-1	1346808656
241	58	7	-1	1346808782
241	58	9	1	1346808661
241	58	10	-1	1346808907
241	58	26	1	1346809045
241	69	5	1	1346808498
241	69	6	-1	1346808645
241	69	7	-1	1346808775
241	69	10	-1	1346808903
241	69	26	1	1346809022
242	19	17	1	1346809502
242	19	19	1	1346809140
242	19	22	-1	1346811418
242	43	17	-1	1346809506
242	43	19	-1	1346809142
242	43	22	-1	1346811423
242	47	17	-1	1346809501
242	47	19	-1	1346809139
242	47	22	1	1346811417
242	52	17	1	1346809512
242	52	19	1	1346809140
242	52	22	1	1346811420
242	68	17	1	1346809515
242	68	19	1	1346809145
242	68	22	1	1346811425
242	68	27	1	1346806776
242	72	17	-1	1346809507
242	72	19	-1	1346809146
242	72	22	-1	1346811427
243	24	2	1	1346809371
243	24	13	1	1346808290
243	24	24	1	1346808795
243	31	13	-1	1346808283
243	31	24	1	1346808799
243	35	2	-1	1346809364
243	35	13	-1	1346808284
243	35	24	-1	1346808800
243	45	13	1	1346808288
243	45	24	1	1346808798
243	51	13	-1	1346808285
243	51	24	-1	1346808801
243	66	13	1	1346808276
243	66	24	1	1346808797
244	2	14	1	1346808740
244	2	23	-1	1346808866
244	8	23	1	1346808877
244	16	14	1	1346808742
244	16	23	1	1346808872
244	28	14	1	1346808744
244	28	23	-1	1346808874
244	38	23	1	1346808869
244	50	23	-1	1346808864
245	10	18	-1	1346809082
245	10	21	-1	1346809893
245	12	18	-1	1346809083
245	12	21	-1	1346809893
245	27	18	1	1346809091
245	27	21	1	1346809892
245	41	18	-1	1346809089
245	41	21	-1	1346809890
245	59	18	-1	1346809095
245	59	21	-1	1346809892
245	67	18	-1	1346809088
245	67	21	-1	1346809890
246	2	14	1	1346808775
246	2	17	1	1346809533
246	2	19	1	1346809182
246	2	22	1	1346811485
246	2	24	1	1346808776
246	8	14	-1	1346808779
246	8	17	-1	1346809537
246	8	19	-1	1346809172
246	8	22	-1	1346811492
246	8	24	1	1346808783
246	18	14	1	1346808776
246	18	17	-1	1346809535
246	18	19	-1	1346809178
246	18	22	1	1346811487
246	18	24	-1	1346808780
246	20	2	1	1346809402
246	20	14	1	1346808773
246	20	17	1	1346809530
246	20	19	1	1346809176
246	20	22	1	1346811442
246	20	24	1	1346808775
246	23	14	-1	1346808778
246	23	17	-1	1346809536
246	23	19	-1	1346809173
246	23	22	-1	1346811491
246	23	24	1	1346808782
246	32	14	-1	1346808780
246	32	17	-1	1346809539
246	32	19	1	1346809171
246	32	22	-1	1346811492
246	32	24	-1	1346808787
247	14	13	-1	1346808310
247	14	23	1	1346808829
247	28	13	-1	1346808304
247	28	23	1	1346808824
247	43	13	-1	1346808307
247	43	23	1	1346808823
247	58	13	1	1346808306
247	58	23	-1	1346808826
247	63	13	1	1346808312
247	63	23	-1	1346808830
247	66	13	1	1346808308
247	66	23	-1	1346808828
248	11	7	-1	1346808803
248	11	10	-1	1346806944
248	11	18	-1	1346809134
248	16	7	1	1346808800
248	16	10	1	1346806942
248	16	18	-1	1346809138
248	26	7	1	1346808805
248	26	10	-1	1346806945
248	26	18	1	1346809140
248	33	7	-1	1346808799
248	33	10	-1	1346806943
248	33	18	-1	1346809136
248	41	7	1	1346808806
248	41	10	-1	1346806946
248	41	18	1	1346809141
248	70	7	-1	1346808802
248	70	10	-1	1346806943
248	70	18	-1	1346809135
249	3	5	-1	1346808579
249	3	6	-1	1346808893
249	23	5	-1	1346808575
249	23	6	-1	1346808891
249	35	5	1	1346808576
249	35	6	-1	1346808892
249	61	5	1	1346808582
249	61	6	1	1346808879
249	62	5	-1	1346808585
249	62	6	-1	1346808895
249	64	5	1	1346808584
249	64	6	-1	1346808895
250	5	26	-1	1346809080
250	20	26	-1	1346809083
250	24	26	-1	1346809095
250	29	26	-1	1346809081
250	39	26	1	1346809113
250	50	26	1	1346809103
251	13	6	1	1346809248
251	13	7	1	1346808818
251	13	13	-1	1346808331
251	13	18	-1	1346809169
251	13	23	1	1346808937
251	35	6	-1	1346809247
251	35	7	-1	1346808820
251	35	13	-1	1346808332
251	35	18	-1	1346809154
251	35	23	-1	1346808939
251	40	6	-1	1346809245
251	40	7	-1	1346808824
251	40	13	-1	1346808392
251	40	18	-1	1346809157
251	40	23	-1	1346808944
251	47	6	-1	1346809246
251	47	7	1	1346808822
251	47	13	1	1346808364
251	47	18	-1	1346809151
251	47	23	1	1346808942
251	52	6	1	1346809242
251	52	7	-1	1346808827
251	52	13	1	1346808371
251	52	18	-1	1346809160
251	52	23	1	1346808949
251	64	6	-1	1346809244
251	64	7	1	1346808825
251	64	13	1	1346808376
251	64	18	1	1346809159
251	64	23	1	1346808946
252	4	5	-1	1346808554
252	4	10	-1	1346808931
252	4	26	-1	1346809147
252	16	5	1	1346808551
252	16	10	1	1346808930
252	16	26	1	1346809144
252	16	27	1	1346809657
252	32	5	-1	1346808550
252	32	10	-1	1346808934
252	32	26	-1	1346809143
252	57	5	1	1346808556
252	57	10	1	1346808933
252	57	26	1	1346809149
252	62	5	1	1346808549
252	62	10	-1	1346808935
252	62	26	1	1346809141
252	66	5	-1	1346808547
252	66	10	-1	1346808935
252	66	26	1	1346809140
253	6	22	1	1346811513
253	20	22	1	1346811519
253	36	22	-1	1346811523
253	48	2	1	1346809996
253	48	22	-1	1346811514
253	59	22	-1	1346811517
253	61	22	-1	1346811522
254	2	14	1	1346809029
254	2	19	1	1346809105
254	26	14	-1	1346809033
254	26	19	-1	1346809103
254	31	14	-1	1346809129
254	31	19	-1	1346809107
254	40	19	-1	1346809102
254	42	19	-1	1346809108
254	67	14	1	1346809125
254	67	19	-1	1346809106
255	13	17	-1	1346809591
255	13	24	1	1346808761
255	19	17	1	1346809566
255	19	24	1	1346808767
255	23	17	-1	1346809568
255	23	24	1	1346808767
255	33	17	-1	1346809586
255	33	24	1	1346808760
255	34	17	1	1346809562
255	34	24	1	1346808762
255	56	17	-1	1346809576
255	56	24	1	1346808765
256	8	5	-1	1346808813
256	8	10	-1	1346806930
256	8	14	-1	1346809263
256	26	5	-1	1346808803
256	26	10	-1	1346806928
256	42	5	-1	1346808813
256	42	10	-1	1346806931
256	42	14	-1	1346809270
256	43	5	-1	1346808804
256	43	10	-1	1346806930
256	43	14	-1	1346809273
256	53	5	-1	1346808802
256	53	10	-1	1346806929
256	58	5	1	1346808812
256	58	10	-1	1346806931
256	58	14	1	1346809267
257	16	17	-1	1346809673
257	16	19	1	1346809205
257	16	21	-1	1346809913
257	31	17	1	1346809674
257	31	19	-1	1346809210
257	31	21	1	1346809914
257	51	17	-1	1346809682
257	51	19	-1	1346809208
257	51	21	1	1346809921
257	52	17	-1	1346809676
257	52	19	-1	1346809210
257	52	21	-1	1346809917
257	54	17	-1	1346809680
257	54	19	-1	1346809209
257	54	21	-1	1346809921
257	61	17	-1	1346809678
257	61	19	1	1346809206
257	61	21	-1	1346809919
258	5	7	1	1346808849
258	5	13	1	1346808416
258	5	24	1	1346808749
258	5	26	-1	1346809185
258	10	7	1	1346808847
258	10	24	1	1346808748
258	10	26	1	1346809192
258	12	7	1	1346808835
258	12	13	1	1346808409
258	12	24	1	1346808744
258	12	26	1	1346809168
258	13	7	1	1346808852
258	13	13	-1	1346808418
258	13	24	1	1346808751
258	13	26	1	1346809186
258	27	7	1	1346808844
258	27	13	-1	1346808413
258	27	24	1	1346808746
258	27	26	-1	1346809177
258	67	7	1	1346808843
258	67	13	1	1346808412
258	67	24	-1	1346808745
258	67	26	-1	1346809170
259	8	6	-1	1346809012
259	8	23	1	1346809018
259	11	6	1	1346809002
259	11	23	1	1346809009
259	24	6	-1	1346809008
259	35	6	-1	1346809009
259	35	23	-1	1346809014
259	44	6	-1	1346809013
259	44	23	-1	1346809027
259	59	6	1	1346808999
259	59	23	1	1346809020
260	1	18	1	1346809199
260	28	18	1	1346809191
260	36	18	1	1346809187
260	40	18	1	1346809190
260	53	18	-1	1346809200
260	72	18	-1	1346809194
261	22	6	1	1346809267
261	22	7	1	1346808904
261	22	19	1	1346809243
261	22	22	1	1346811752
261	22	24	1	1346808725
261	32	6	-1	1346809273
261	32	7	-1	1346808913
261	32	19	-1	1346809250
261	32	22	-1	1346811770
261	32	24	1	1346808735
261	44	6	-1	1346809272
261	44	7	1	1346808911
261	44	19	-1	1346809249
261	44	22	-1	1346811769
261	44	24	-1	1346808734
261	59	1	1	1346808501
261	59	6	1	1346809268
261	59	7	-1	1346808906
261	59	19	1	1346809244
261	59	22	-1	1346811754
261	59	24	-1	1346808727
261	64	6	-1	1346809270
261	64	7	1	1346808909
261	64	19	1	1346809248
261	64	22	-1	1346811767
261	64	24	-1	1346808733
261	66	6	-1	1346809269
261	66	7	1	1346808908
261	66	19	-1	1346809247
261	66	22	1	1346811759
261	66	24	-1	1346808730
262	11	13	1	1346808451
262	11	23	-1	1346809074
262	11	26	-1	1346809216
262	41	13	-1	1346808457
262	41	23	1	1346809088
262	41	26	-1	1346809239
262	58	13	-1	1346808460
262	58	23	1	1346809076
262	58	26	1	1346809225
262	60	13	1	1346808457
262	60	23	1	1346809085
262	60	26	1	1346809239
262	61	13	1	1346808434
262	61	23	-1	1346809072
262	61	26	1	1346809208
262	67	13	1	1346808455
262	67	23	1	1346809079
262	67	26	1	1346809227
263	24	2	1	1346809485
263	24	10	-1	1346806911
263	24	17	1	1346809708
263	24	18	1	1346809220
263	29	2	-1	1346809488
263	29	10	-1	1346806910
263	29	17	-1	1346809705
263	29	18	1	1346809287
263	39	10	1	1346806908
263	39	17	1	1346809699
263	39	18	-1	1346809266
263	50	10	-1	1346806914
263	50	17	-1	1346809709
263	50	18	-1	1346809276
263	53	10	1	1346806909
263	53	17	-1	1346809703
263	53	18	-1	1346809264
263	56	2	1	1346809493
263	56	10	-1	1346806910
263	56	17	1	1346809701
263	56	18	-1	1346809246
264	2	5	-1	1346808623
264	43	5	1	1346808626
264	52	5	1	1346808627
264	52	14	1	1346808933
264	53	5	1	1346808629
264	53	14	-1	1346808942
264	66	5	-1	1346808628
264	69	5	1	1346808625
264	69	14	1	1346808947
265	2	27	1	1346809029
265	48	27	1	1346809771
265	71	27	1	1346809019
266	2	5	1	1346808658
266	2	6	1	1346809154
266	2	13	1	1346808480
266	2	18	1	1346809320
266	2	22	1	1346811790
266	2	26	1	1346809288
266	6	1	1	1346808520
266	6	5	1	1346808641
266	6	6	1	1346809146
266	6	13	1	1346808472
266	6	18	-1	1346809303
266	6	22	1	1346811783
266	6	26	1	1346809262
266	25	5	-1	1346808656
266	25	6	-1	1346809151
266	25	13	-1	1346808477
266	25	18	-1	1346809312
266	25	26	-1	1346809284
266	43	5	1	1346808656
266	43	6	-1	1346809157
266	43	13	-1	1346808478
266	43	18	-1	1346809316
266	43	26	-1	1346809284
266	45	5	1	1346808654
266	45	6	-1	1346809149
266	45	13	1	1346808473
266	45	18	1	1346809308
266	45	22	1	1346811785
266	45	26	1	1346809282
266	62	5	-1	1346808657
266	62	6	-1	1346809156
266	62	13	1	1346808479
266	62	18	-1	1346809317
266	62	22	1	1346811789
266	62	26	1	1346809286
267	23	17	-1	1346809743
267	23	19	-1	1346809330
267	23	23	-1	1346809177
267	25	17	1	1346809741
267	25	19	1	1346809324
267	25	23	-1	1346809174
267	54	2	-1	1346809546
267	54	17	-1	1346809732
267	54	19	-1	1346809319
267	54	23	1	1346809112
267	58	2	-1	1346809546
267	58	17	-1	1346809730
267	58	19	-1	1346809316
267	58	23	1	1346809110
267	61	2	1	1346809550
267	61	17	1	1346809739
267	61	19	1	1346809322
267	61	23	1	1346809114
267	71	2	1	1346809541
267	71	17	-1	1346809745
267	71	19	1	1346809322
267	71	23	1	1346809169
268	27	27	1	1346809679
269	21	7	-1	1346808927
269	22	7	1	1346808929
269	36	7	-1	1346808936
269	43	7	-1	1346808934
269	60	7	-1	1346808931
269	63	7	1	1346808932
270	5	10	1	1346806893
270	5	24	1	1346808714
270	6	10	1	1346806899
270	6	24	-1	1346808717
270	21	10	-1	1346806892
270	21	24	1	1346808712
270	59	10	-1	1346806897
270	59	24	-1	1346808705
270	67	10	-1	1346806894
270	67	24	1	1346808717
270	72	10	-1	1346806891
270	72	24	1	1346808706
271	2	1	1	1346808532
271	2	2	1	1346809568
271	2	6	1	1346808923
271	2	7	1	1346808977
271	2	22	1	1346811812
271	21	6	-1	1346808928
271	21	7	-1	1346808982
271	39	6	-1	1346808927
271	39	7	1	1346808954
271	55	6	-1	1346808925
271	55	7	1	1346808975
271	55	22	1	1346811811
271	56	6	1	1346808921
271	56	7	-1	1346808980
271	60	6	1	1346808922
271	60	7	-1	1346808979
271	60	22	-1	1346811813
272	2	23	-1	1346809224
272	2	26	-1	1346809332
272	20	23	1	1346809227
272	20	26	-1	1346809333
272	24	23	1	1346809208
272	24	26	-1	1346809315
272	57	23	1	1346809206
272	57	26	1	1346809313
272	59	23	1	1346809221
272	59	26	-1	1346809324
272	61	23	1	1346809199
272	61	26	1	1346809312
272	61	27	1	1346809345
273	3	14	-1	1346808561
273	3	18	-1	1346809347
273	3	19	1	1346809382
273	25	18	-1	1346809373
273	25	19	1	1346809385
273	27	14	-1	1346808559
273	27	18	-1	1346809351
273	27	19	1	1346809376
273	32	14	-1	1346808558
273	32	18	1	1346809401
273	32	19	1	1346809378
273	41	14	1	1346808564
273	41	18	1	1346809406
273	41	19	-1	1346809383
273	63	18	-1	1346809394
273	63	19	1	1346809380
274	9	5	1	1346808674
274	9	10	-1	1346806877
274	29	5	-1	1346808680
274	29	10	1	1346806879
274	30	5	1	1346808676
274	30	10	1	1346806874
274	32	5	-1	1346808682
274	32	10	-1	1346806881
274	45	5	1	1346808678
274	45	10	-1	1346806876
274	60	5	-1	1346808681
274	60	10	-1	1346806880
275	13	13	-1	1346808497
275	13	24	1	1346808652
275	14	13	-1	1346808492
275	14	24	-1	1346808644
275	35	13	-1	1346808490
275	35	24	-1	1346808643
275	39	13	1	1346808502
275	39	24	1	1346808654
275	45	13	-1	1346808493
275	45	24	-1	1346808646
275	46	13	1	1346808503
275	46	24	1	1346808651
276	9	5	-1	1346808693
276	9	6	1	1346806651
276	9	10	1	1346806865
276	9	22	1	1346811846
276	9	23	-1	1346809292
276	21	1	1	1346808551
276	21	6	1	1346806656
276	21	10	-1	1346806854
276	21	22	-1	1346811842
276	21	23	1	1346809288
276	45	5	-1	1346808695
276	45	6	-1	1346806663
276	45	10	-1	1346806863
276	45	22	-1	1346811851
276	45	23	1	1346809301
276	47	5	1	1346808691
276	47	6	-1	1346806666
276	47	10	-1	1346806855
276	47	22	1	1346811841
276	47	23	1	1346809268
276	50	5	-1	1346808694
276	50	6	-1	1346806664
276	50	10	-1	1346806860
276	50	22	-1	1346811849
276	50	23	1	1346809294
276	52	5	1	1346808691
276	52	6	-1	1346806668
276	52	10	1	1346806852
276	52	22	1	1346811840
276	52	23	-1	1346809266
277	16	2	-1	1346809584
277	16	14	1	1346808596
277	16	17	1	1346809782
277	16	27	1	1346809375
277	21	2	1	1346809593
277	21	17	-1	1346809775
277	24	2	1	1346809580
277	24	14	-1	1346808595
277	24	17	1	1346809781
277	24	27	1	1346809696
277	35	2	1	1346809591
277	35	17	-1	1346809774
277	35	27	1	1346809699
277	38	17	-1	1346809778
277	65	14	1	1346808598
277	65	17	-1	1346809772
278	2	9	-1	1346808641
278	2	18	1	1346809450
278	2	19	1	1346809451
278	2	26	-1	1346809359
278	7	9	1	1346808637
278	7	18	-1	1346809435
278	7	19	1	1346809464
278	7	26	-1	1346809373
278	15	9	1	1346808640
278	15	18	1	1346809437
278	15	19	1	1346809456
278	15	26	1	1346809360
278	25	9	-1	1346808643
278	25	18	-1	1346809432
278	25	19	-1	1346809464
278	25	26	-1	1346809372
278	29	9	-1	1346808642
278	29	18	-1	1346809432
278	29	19	-1	1346809460
278	29	26	-1	1346809371
278	40	9	-1	1346808642
278	40	18	-1	1346809430
278	40	19	-1	1346809458
278	40	26	-1	1346809369
279	7	7	1	1346809006
279	7	24	1	1346808695
279	9	7	-1	1346809004
279	9	24	1	1346808694
279	18	7	1	1346808998
279	18	24	-1	1346808690
279	44	7	1	1346809003
279	44	24	1	1346808693
279	51	7	1	1346809001
279	51	24	1	1346808692
279	55	7	1	1346808994
279	55	24	1	1346808689
280	1	13	1	1346805730
280	42	13	-1	1346805706
280	52	13	-1	1346805736
280	53	13	1	1346805739
280	54	13	-1	1346805693
280	55	13	1	1346805726
281	74	29	-1	1346764737
281	95	27	1	1346766021
281	95	29	1	1346764761
281	98	27	1	1346766023
281	98	29	1	1346764763
