1	58	18	-1
1	28	19	1
1	68	2	1
1	44	18	1
1	11	18	-1
1	70	18	-1
2	33	8	-1
2	50	14	-1
2	76	14	-1
2	37	14	-1
2	68	8	-1
2	20	14	-1
3	6	7	-1
3	15	7	-1
3	38	7	-1
3	18	7	1
3	68	7	-1
3	24	7	1
4	73	5	-1
4	29	5	1
4	34	5	-1
4	69	5	1
4	68	5	1
4	25	5	-1
5	15	9	1
5	74	9	-1
5	10	9	-1
5	17	9	1
5	16	9	-1
5	47	9	-1
6	5	4	1
6	67	14	1
6	63	4	1
6	62	4	-1
6	36	4	-1
6	71	4	-1
7	33	8	-1
7	62	8	-1
7	17	8	-1
7	9	8	-1
7	44	8	1
7	70	8	-1
8	72	10	-1
8	62	18	-1
8	16	10	-1
8	69	10	1
8	41	10	1
8	48	9	1
9	29	19	1
9	10	5	-1
9	62	5	-1
9	2	5	1
9	34	5	1
9	35	5	-1
9	11	5	1
10	30	7	-1
10	31	7	-1
10	69	17	-1
10	14	17	1
10	43	7	1
10	20	17	1
11	12	4	1
11	8	4	1
11	18	4	1
11	57	4	-1
11	37	4	-1
11	52	4	-1
12	5	9	1
12	30	9	1
12	67	9	1
12	17	9	1
12	28	9	1
12	52	9	1
13	6	12	-1
13	5	12	-1
13	29	12	1
13	68	12	1
13	24	12	-1
13	4	12	-1
14	64	14	1
14	31	14	1
14	29	14	-1
14	17	14	1
14	44	14	-1
14	43	14	-1
15	79	18	-1
15	32	18	1
15	19	18	1
15	55	18	1
15	61	18	-1
15	48	18	1
16	67	7	-1
16	72	7	-1
16	25	7	-1
16	14	7	-1
16	20	7	1
16	4	7	-1
17	73	4	-1
17	40	4	1
17	57	14	1
17	16	4	1
17	59	4	1
17	20	14	-1
18	50	8	1
18	40	8	1
18	32	8	1
18	39	8	-1
18	35	8	1
18	56	8	1
19	32	10	1
19	76	12	-1
19	29	12	-1
19	9	10	1
19	59	12	1
19	71	10	1
20	6	13	1
20	33	13	-1
20	31	13	1
20	63	13	-1
20	27	13	-1
20	55	13	-1
21	79	2	1
21	73	18	-1
21	50	18	-1
21	12	18	-1
21	15	18	1
21	22	18	1
22	64	4	-1
22	15	4	1
22	5	4	1
22	18	4	-1
22	58	4	-1
22	26	4	-1
23	64	9	1
23	21	9	1
23	14	9	-1
23	55	9	1
23	48	9	1
23	54	9	1
24	38	10	1
24	18	10	-1
24	17	19	1
24	55	10	1
25	6	15	1
25	39	7	1
25	68	15	-1
25	41	7	-1
25	70	15	-1
26	21	4	1
26	5	4	1
26	51	4	-1
26	72	4	-1
26	27	4	-1
26	34	4	1
27	40	9	-1
27	8	9	-1
27	74	9	-1
27	72	9	-1
27	9	9	1
27	11	9	-1
28	6	16	1
28	33	16	1
28	7	16	1
28	9	3	-1
28	22	3	1
28	44	3	1
29	6	19	-1
29	38	19	1
29	74	12	-1
29	47	12	1
29	59	12	1
29	22	19	1
29	55	19	-1
29	3	19	-1
30	32	18	-1
30	39	18	-1
30	19	18	-1
30	56	18	-1
30	61	18	-1
30	54	18	1
31	12	9	1
31	40	9	-1
31	7	9	1
31	10	9	-1
31	2	9	-1
31	41	9	1
32	64	4	1
32	12	4	1
32	65	4	1
32	78	4	1
32	46	4	-1
32	37	4	-1
33	51	17	-1
33	39	17	1
33	28	17	1
33	37	17	1
33	71	17	-1
33	70	17	-1
34	30	10	1
34	78	12	-1
34	18	12	-1
34	43	10	1
35	31	13	1
35	63	13	-1
35	44	13	1
35	55	13	-1
35	48	13	1
35	54	13	-1
36	64	14	1
36	19	3	-1
36	42	3	1
36	28	3	-1
36	34	3	1
36	69	3	1
37	67	4	-1
37	45	4	1
37	9	4	-1
37	47	4	-1
37	34	4	1
37	36	4	-1
38	10	9	-1
38	57	9	-1
38	17	9	-1
38	47	9	-1
38	61	9	-1
38	54	9	-1
39	39	10	1
39	54	10	1
40	6	7	-1
40	33	7	1
40	29	11	-1
40	68	7	-1
40	44	7	-1
40	71	7	1
41	31	4	-1
41	57	4	-1
41	9	4	1
41	2	4	-1
41	24	4	1
41	60	4	1
42	73	9	1
42	30	9	1
42	62	9	-1
42	37	9	-1
42	2	9	1
42	52	9	1
43	30	3	1
43	63	17	1
43	42	3	1
43	58	17	-1
43	59	17	1
43	44	3	1
44	38	19	1
44	78	12	1
44	52	19	1
44	44	12	-1
44	54	12	-1
44	26	12	-1
45	32	18	-1
45	39	18	-1
45	17	18	-1
45	56	18	-1
45	71	18	1
45	70	18	-1
46	29	9	-1
46	58	9	-1
46	37	9	-1
46	69	9	-1
46	35	9	1
46	4	9	-1
47	5	16	1
47	16	16	1
47	47	3	-1
47	49	16	1
47	69	16	1
47	20	16	-1
48	8	8	-1
48	18	8	1
48	16	8	-1
48	68	8	-1
48	71	8	1
48	60	8	-1
49	45	12	-1
49	44	12	-1
49	3	12	1
49	71	12	-1
49	11	10	1
49	20	12	1
50	17	13	-1
50	59	13	1
50	55	13	-1
50	61	13	1
50	48	13	-1
50	54	13	1
51	73	14	-1
51	12	14	1
51	51	14	1
51	25	14	1
51	71	14	-1
51	70	14	1
52	40	7	-1
52	72	7	-1
52	69	7	-1
52	22	7	-1
52	61	7	1
52	20	7	-1
53	79	5	1
53	17	5	-1
53	46	5	-1
53	49	5	-1
53	56	5	1
53	11	5	1
54	33	9	1
54	73	9	1
54	5	9	1
54	38	9	-1
54	61	9	-1
54	4	9	-1
55	29	10	-1
55	16	10	-1
55	41	10	1
55	20	10	1
56	79	9	1
56	33	9	1
56	15	9	-1
56	74	9	-1
56	45	9	1
56	35	9	-1
57	50	16	1
57	12	16	1
57	32	16	1
57	19	16	1
57	42	16	1
57	16	16	1
58	6	4	-1
58	40	4	1
58	8	4	-1
58	62	4	-1
58	11	4	-1
58	4	4	1
59	33	13	-1
59	31	13	1
59	39	13	1
59	16	13	-1
59	59	13	1
59	48	13	-1
60	27	19	1
61	73	7	-1
61	8	7	-1
61	31	7	1
61	72	7	-1
61	14	7	-1
61	71	7	-1
62	21	8	1
62	7	8	-1
62	10	8	-1
62	35	8	1
62	52	8	-1
62	61	8	-1
63	32	12	1
63	28	12	-1
63	25	12	-1
63	48	3	1
64	31	9	-1
64	41	9	1
64	61	9	-1
64	20	9	-1
64	24	9	1
64	54	9	-1
65	21	18	1
65	46	18	-1
65	16	18	-1
65	22	18	1
65	52	18	-1
65	3	18	-1
66	79	9	1
66	33	9	1
66	12	9	1
66	37	9	-1
66	69	9	-1
66	54	9	-1
67	78	16	1
67	72	16	1
67	17	16	1
67	16	16	1
67	34	16	1
67	49	16	1
68	45	4	-1
68	58	4	-1
68	52	4	-1
68	11	4	-1
68	20	4	1
68	70	4	-1
69	50	13	1
69	67	13	1
69	29	13	-1
69	57	13	-1
69	16	13	1
69	54	13	-1
70	64	10	1
70	78	10	-1
70	49	10	1
71	8	4	1
71	31	4	1
71	29	4	-1
71	42	4	-1
71	35	4	-1
71	70	4	-1
72	12	14	-1
72	40	14	1
72	76	14	-1
72	62	14	-1
72	2	14	-1
72	61	14	-1
73	73	16	-1
73	50	16	1
73	78	16	1
73	74	16	1
73	55	16	1
73	11	16	1
74	21	9	1
74	30	9	1
74	29	9	-1
74	46	9	1
74	27	9	-1
74	61	9	-1
75	7	15	1
75	62	19	-1
75	28	19	1
75	34	19	1
76	74	9	-1
76	72	9	-1
76	10	9	-1
76	37	9	1
76	27	9	-1
76	54	9	1
77	5	8	-1
77	32	8	1
77	16	8	-1
77	47	8	-1
77	35	8	1
77	25	8	-1
78	33	4	1
78	21	4	1
78	2	4	1
78	71	4	-1
78	11	4	-1
78	26	4	-1
79	6	13	1
79	65	13	1
79	27	13	-1
79	16	13	-1
79	49	13	1
79	22	13	-1
80	5	2	1
80	18	2	1
80	58	18	-1
80	34	18	1
80	25	18	1
80	61	18	-1
81	12	4	-1
81	29	4	-1
81	17	4	1
81	22	4	-1
81	71	4	1
81	70	4	-1
82	72	8	-1
82	45	8	1
82	59	8	-1
82	36	8	-1
82	52	8	1
82	61	8	-1
83	79	3	1
83	5	5	1
83	31	5	-1
83	63	5	1
83	49	3	1
83	11	5	1
84	19	9	1
84	62	9	-1
84	28	9	1
84	22	9	-1
84	56	9	1
84	61	9	-1
85	76	10	1
85	16	15	1
85	59	15	1
85	43	10	1
86	79	8	1
86	40	8	-1
86	74	8	-1
86	19	8	-1
86	27	8	-1
86	35	8	-1
87	73	14	-1
87	12	14	-1
87	78	14	-1
87	51	14	1
87	16	14	1
87	41	14	-1
88	65	13	1
88	74	13	1
88	63	13	-1
88	46	13	-1
88	49	13	1
88	22	13	-1
89	78	4	-1
89	34	4	1
89	35	4	1
89	25	4	1
89	54	4	-1
89	60	12	-1
90	38	19	1
90	46	19	1
91	21	4	1
91	38	4	1
91	8	4	-1
91	57	4	-1
91	28	4	1
91	35	4	-1
92	6	5	1
92	33	5	-1
92	67	5	1
92	45	5	-1
92	22	5	1
92	56	5	-1
93	51	9	1
93	7	9	1
93	19	9	-1
93	9	9	1
93	47	9	-1
93	36	9	1
94	15	8	1
94	45	8	-1
94	2	8	-1
94	69	8	-1
94	3	8	-1
94	20	8	1
95	38	16	-1
95	9	16	-1
95	47	16	1
95	56	16	-1
95	11	16	1
95	43	16	1
96	64	9	1
96	15	9	1
96	31	9	-1
96	55	9	1
96	43	9	-1
96	70	9	-1
97	38	7	1
97	39	7	-1
97	10	7	-1
97	16	7	-1
97	36	7	-1
97	52	7	1
98	73	14	-1
98	76	8	-1
98	67	14	1
98	42	8	1
98	46	8	-1
98	35	8	-1
99	63	13	-1
99	10	13	1
99	58	13	-1
99	61	13	-1
99	24	13	-1
99	26	13	1
100	73	4	-1
100	38	4	1
100	42	4	-1
100	49	4	1
100	14	4	-1
100	43	4	-1
101	18	2	1
101	49	2	1
101	44	4	-1
101	48	4	-1
101	71	4	-1
101	24	4	1
102	33	3	-1
102	40	14	1
102	76	3	-1
102	57	3	-1
102	11	3	1
102	43	3	1
103	6	9	1
103	15	9	1
103	65	9	-1
103	78	9	-1
103	39	9	1
103	9	9	1
104	79	8	-1
104	30	16	-1
104	57	16	1
104	19	8	1
104	27	8	1
104	59	8	-1
105	6	11	-1
105	78	11	-1
105	62	11	1
105	47	11	-1
105	49	11	-1
105	43	11	-1
106	12	9	1
106	29	9	-1
106	27	9	-1
106	47	9	-1
106	25	9	-1
106	54	9	1
107	65	5	1
107	28	5	1
107	49	5	1
107	52	5	-1
107	14	5	-1
107	70	5	1
108	51	3	1
108	45	3	-1
108	42	3	1
108	16	3	-1
108	11	3	1
108	24	3	-1
109	21	13	-1
109	50	13	1
109	34	13	1
109	35	13	1
109	41	13	-1
109	70	13	-1
110	73	4	-1
110	40	4	1
110	45	4	-1
110	16	4	-1
110	47	4	-1
110	49	4	1
110	60	4	-1
111	73	3	-1
111	50	3	1
111	32	3	1
111	2	3	1
111	69	3	1
111	56	3	1
112	64	8	1
112	40	8	1
112	51	8	-1
112	62	8	-1
112	47	8	-1
112	44	8	1
113	33	10	1
113	78	10	-1
113	67	9	-1
113	10	10	1
113	27	9	-1
113	14	9	1
114	15	16	1
114	17	16	1
114	22	16	1
114	44	16	-1
114	55	16	1
114	20	16	-1
115	6	9	1
115	38	9	-1
115	74	9	-1
115	17	9	1
115	58	9	-1
115	26	9	1
116	73	14	-1
116	67	14	1
116	28	14	-1
116	48	14	-1
116	54	14	1
116	60	13	-1
117	50	19	1
117	39	19	1
117	45	2	-1
117	57	2	1
117	62	2	-1
117	52	7	-1
118	5	6	-1
118	36	6	1
118	61	6	-1
118	71	6	-1
118	24	6	1
118	54	6	1
119	6	8	1
119	73	8	-1
119	63	8	-1
119	57	8	1
119	16	8	-1
119	52	8	-1
120	79	8	-1
120	5	8	-1
120	30	8	-1
120	7	8	1
120	16	8	-1
120	43	8	1
121	64	16	1
121	6	16	1
121	12	16	1
121	39	10	1
121	2	10	1
121	3	16	1
122	15	3	1
122	8	3	-1
122	67	3	-1
122	45	3	1
122	71	3	1
122	24	3	1
123	33	17	-1
123	65	17	1
123	39	17	1
123	72	17	-1
123	42	17	-1
123	48	17	1
124	73	9	1
124	76	9	-1
124	52	9	1
124	55	9	1
124	41	9	-1
124	60	9	-1
125	39	10	1
125	74	3	-1
125	7	3	-1
125	62	10	1
125	28	10	-1
125	16	10	-1
126	33	9	1
126	30	9	1
126	38	9	-1
126	57	9	-1
126	69	9	-1
126	3	9	-1
127	40	8	-1
127	16	8	-1
127	47	8	-1
127	49	8	-1
127	41	8	1
127	70	8	1
128	51	2	1
129	39	4	1
130	50	7	1
130	38	7	-1
130	31	7	1
130	34	7	-1
130	43	7	1
130	26	7	-1
130	66	2	1
131	79	8	-1
131	21	8	1
131	30	8	1
131	63	8	-1
131	37	8	-1
131	59	8	-1
132	7	16	1
132	45	16	-1
132	10	16	1
132	58	19	1
132	9	16	-1
132	34	19	1
132	69	19	1
133	79	10	-1
133	12	12	-1
133	68	12	1
133	44	10	1
133	56	12	-1
133	71	12	-1
133	75	12	1
133	23	12	1
134	5	3	-1
134	38	3	-1
134	28	3	-1
134	52	3	-1
134	55	3	1
134	24	3	-1
135	79	8	-1
135	6	8	-1
135	78	8	-1
135	32	8	-1
135	20	8	1
135	4	8	-1
136	8	13	-1
136	59	13	1
136	14	13	-1
136	61	13	1
136	71	13	1
136	54	13	-1
137	15	14	1
137	31	14	1
137	78	14	-1
137	42	14	-1
137	47	14	-1
137	24	14	1
138	33	2	-1
138	5	2	1
138	29	6	-1
138	16	6	1
138	68	6	1
138	14	2	1
139	79	4	1
139	62	4	-1
139	52	4	-1
139	41	4	-1
139	56	4	1
139	26	4	-1
140	57	14	1
140	2	14	1
140	35	14	1
140	25	14	1
140	14	14	-1
140	11	14	-1
141	19	5	-1
141	27	5	1
141	16	5	1
141	22	5	1
141	61	5	1
141	70	5	1
142	40	10	1
142	72	8	-1
142	58	10	-1
142	2	8	-1
142	41	10	1
142	20	10	1
143	32	9	1
143	67	9	-1
143	29	9	-1
143	19	9	-1
143	62	9	-1
143	37	9	-1
143	34	9	-1
143	48	9	1
144	6	11	1
144	5	11	-1
144	9	11	1
144	14	11	-1
144	43	11	-1
145	64	5	1
145	5	7	-1
145	32	7	1
145	74	5	-1
145	63	5	1
145	19	19	-1
145	17	5	-1
145	2	17	-1
145	3	5	-1
146	65	8	1
146	10	8	-1
146	34	8	-1
146	36	8	-1
146	22	8	-1
146	60	8	-1
147	15	9	1
147	7	9	1
147	9	9	1
147	44	9	1
147	3	9	-1
147	11	9	-1
148	78	13	-1
148	67	13	-1
148	49	13	1
148	71	13	1
148	43	13	-1
148	60	13	-1
149	32	4	1
150	50	8	1
150	30	8	1
150	46	8	-1
150	69	8	-1
150	54	8	-1
150	60	8	-1
151	78	16	1
151	51	16	1
151	39	16	1
151	76	16	-1
151	42	16	1
151	36	16	1
152	30	9	1
152	40	9	1
152	31	9	-1
152	74	9	-1
152	68	9	1
152	24	9	1
153	32	12	1
153	39	12	-1
153	45	12	-1
153	16	12	-1
153	2	12	1
153	49	12	1
154	63	17	1
154	52	17	-1
154	25	17	-1
154	41	17	-1
154	43	17	-1
154	60	17	-1
155	73	10	1
155	21	3	1
155	39	19	1
155	27	19	1
155	59	3	-1
155	4	10	-1
156	12	9	-1
156	38	9	-1
156	76	9	-1
156	18	9	-1
156	72	9	-1
156	2	9	1
157	5	13	-1
157	30	2	1
157	32	13	1
157	39	13	1
157	29	13	-1
157	46	13	-1
157	16	13	-1
158	7	18	1
158	72	18	-1
158	17	18	-1
158	42	18	-1
158	41	18	1
158	71	18	1
159	8	14	-1
159	45	14	-1
159	17	14	-1
159	69	14	-1
159	14	14	1
159	20	14	-1
160	31	9	1
160	72	9	-1
160	46	9	1
160	16	9	1
160	2	9	-1
160	70	9	1
161	79	8	-1
161	29	8	-1
161	10	8	-1
161	17	8	-1
161	42	8	1
161	69	8	-1
162	21	5	1
162	78	5	-1
162	51	5	1
162	7	5	1
162	59	5	1
162	11	5	1
163	32	10	1
164	15	12	1
164	31	12	1
164	19	7	1
164	25	7	-1
164	55	12	-1
164	26	12	-1
165	40	8	-1
165	7	8	1
165	29	8	-1
165	10	8	1
165	37	8	-1
165	11	8	-1
166	38	5	1
166	78	5	-1
166	25	5	-1
166	55	5	-1
166	71	5	1
166	20	5	1
167	32	7	1
167	45	7	-1
167	56	7	1
167	61	7	-1
167	48	7	-1
167	70	7	1
168	79	13	1
168	64	13	1
168	30	13	1
168	51	13	-1
168	69	13	-1
168	71	13	1
169	33	9	1
169	30	9	1
169	40	9	1
169	65	9	1
169	9	9	1
169	35	9	-1
170	78	13	-1
170	32	13	1
170	58	13	-1
170	27	13	-1
170	48	13	1
170	71	13	-1
171	15	9	1
171	30	9	1
171	65	9	1
171	18	9	-1
171	45	9	-1
171	69	9	-1
172	8	8	1
172	51	8	-1
172	74	8	-1
172	19	8	-1
172	37	8	-1
172	41	8	-1
173	6	10	-1
173	18	10	-1
173	16	10	-1
173	25	10	1
173	56	10	1
173	20	10	1
174	22	2	1
175	51	9	1
175	76	9	-1
175	18	9	1
175	45	9	1
175	46	9	1
175	41	9	1
176	79	8	-1
176	6	8	1
176	19	8	-1
176	9	8	-1
176	22	8	-1
176	25	8	-1
177	31	5	1
177	27	5	1
177	35	5	-1
177	56	5	-1
177	43	5	1
177	60	5	-1
178	79	13	1
178	15	13	1
178	8	13	-1
178	65	13	1
178	34	13	-1
178	11	13	1
179	73	12	-1
179	46	12	1
179	34	12	-1
179	49	12	1
179	3	12	-1
179	26	12	-1
180	79	13	-1
180	7	13	1
180	19	13	-1
180	42	13	-1
180	56	13	1
180	60	13	-1
181	73	3	-1
181	65	3	1
181	67	3	-1
181	34	3	1
181	35	3	1
181	20	3	1
182	64	8	1
182	40	8	-1
182	8	8	-1
182	76	8	-1
182	68	8	-1
182	24	8	1
183	31	14	-1
183	63	10	1
183	9	14	-1
183	22	10	1
183	48	14	-1
183	20	14	-1
184	33	9	1
184	12	9	-1
184	7	9	1
184	63	9	-1
184	57	9	-1
184	47	9	-1
185	64	3	-1
185	38	3	-1
185	8	10	-1
185	32	10	1
185	35	10	1
185	20	10	1
186	12	8	-1
186	15	8	-1
186	63	8	-1
186	49	8	-1
186	22	8	-1
186	24	8	1
187	31	5	-1
187	51	19	1
187	62	5	-1
187	42	5	-1
187	58	5	-1
187	16	5	1
187	3	5	-1
188	73	13	1
188	50	13	1
188	15	13	1
188	40	13	1
188	67	13	-1
188	41	13	-1
189	39	2	1
190	15	9	1
190	31	9	1
190	51	9	1
190	16	9	-1
190	69	9	-1
190	24	9	1
191	73	3	-1
191	50	3	1
191	57	3	1
191	17	3	-1
191	9	3	-1
191	3	3	-1
192	5	17	1
192	40	17	1
192	38	17	1
192	46	17	1
192	47	17	1
192	11	17	-1
193	19	10	-1
193	42	10	1
193	46	12	1
193	16	12	1
193	41	12	1
193	20	12	1
194	39	11	1
194	72	11	-1
194	28	11	-1
194	61	11	-1
194	43	11	1
194	20	11	1
195	73	2	1
195	31	10	1
195	51	10	1
195	18	10	-1
195	61	10	-1
195	54	10	1
196	21	9	1
196	5	9	1
196	42	9	-1
196	16	9	-1
196	22	9	-1
196	14	9	1
197	38	13	-1
197	19	13	1
197	46	13	-1
197	34	13	1
197	59	13	1
197	48	13	-1
198	40	12	-1
198	51	12	-1
198	46	12	1
198	25	12	-1
198	14	12	-1
198	20	12	-1
199	6	8	1
199	51	8	-1
199	67	8	1
199	58	8	-1
199	27	8	-1
200	5	9	1
200	30	9	1
200	65	9	1
200	63	9	-1
200	57	9	-1
200	58	9	-1
201	40	10	1
201	59	17	1
201	52	17	-1
201	56	17	-1
201	43	17	-1
201	20	10	1
202	50	12	-1
202	46	12	-1
202	35	12	-1
202	25	12	1
202	44	12	-1
202	48	12	1
203	15	8	1
203	65	8	1
203	51	8	-1
203	46	8	-1
203	34	8	-1
203	56	8	-1
204	33	16	1
204	21	16	-1
204	32	16	1
204	59	10	1
204	3	10	1
204	24	10	1
205	78	9	-1
205	51	9	-1
205	27	9	-1
205	34	9	1
205	44	9	1
205	11	9	1
206	50	8	-1
206	15	8	1
206	76	8	-1
206	46	8	-1
206	68	8	-1
206	60	8	-1
207	65	19	1
207	78	19	1
207	17	11	1
207	46	11	-1
207	35	11	-1
207	24	11	1
208	79	4	-1
208	5	4	1
208	72	4	-1
208	14	4	-1
208	71	4	-1
208	24	4	1
209	12	9	-1
209	28	9	1
209	44	9	1
209	55	9	1
209	71	9	1
209	43	9	1
210	38	8	-1
210	65	8	1
210	76	8	-1
210	45	8	-1
210	47	8	-1
210	35	8	-1
211	8	12	1
211	17	12	1
211	42	12	-1
211	46	12	-1
211	22	12	-1
211	60	12	1
212	12	5	1
212	29	5	1
212	46	5	-1
212	47	5	-1
212	68	5	-1
212	24	5	1
213	12	15	-1
213	67	15	-1
213	62	15	-1
213	37	15	-1
213	59	15	1
213	56	15	-1
214	39	2	1
214	76	17	1
214	62	17	1
214	27	1	1
214	36	17	1
214	70	17	-1
215	72	9	-1
215	19	9	-1
215	68	9	1
215	22	9	-1
215	48	9	1
215	24	9	1
216	29	8	-1
216	42	8	-1
216	46	8	1
216	52	8	-1
216	20	8	-1
216	54	8	1
217	12	3	-1
217	8	3	-1
217	39	3	1
217	10	3	1
217	19	3	-1
217	46	3	-1
218	64	18	1
218	78	18	-1
218	39	18	-1
218	49	18	-1
218	44	18	-1
218	26	18	1
219	64	9	1
219	6	4	1
219	74	4	-1
219	45	9	1
219	22	9	-1
219	41	4	-1
220	50	8	-1
220	12	8	-1
220	8	8	1
220	67	8	1
220	52	8	-1
220	25	8	-1
221	51	3	1
221	63	19	1
221	10	3	1
221	46	19	1
221	11	3	-1
221	20	3	-1
222	6	11	1
222	39	11	1
222	46	11	-1
222	25	11	-1
222	54	11	-1
222	4	11	-1
223	79	7	-1
223	6	7	1
223	76	7	-1
223	16	7	-1
223	47	7	-1
223	61	7	1
224	73	8	1
224	72	8	-1
224	69	8	-1
224	52	8	-1
224	14	8	-1
224	61	8	-1
225	15	9	1
225	39	9	1
225	49	9	1
225	11	9	-1
225	54	9	-1
225	60	9	-1
226	38	5	1
226	65	5	1
226	51	5	1
226	32	5	-1
226	46	5	-1
226	4	5	1
227	5	16	-1
227	62	16	1
227	2	16	1
227	49	16	1
227	36	16	1
227	60	16	1
228	64	12	1
228	18	12	-1
228	57	12	1
228	34	12	-1
228	71	12	-1
228	20	12	-1
229	74	4	-1
229	19	4	-1
229	58	4	-1
229	36	4	-1
229	55	4	1
229	60	1	1
230	5	9	1
230	51	9	-1
230	45	9	-1
230	10	9	-1
230	41	9	-1
230	54	9	1
231	6	8	1
231	63	8	-1
231	49	8	-1
231	52	8	-1
231	61	8	-1
231	71	8	-1
231	53	2	1
232	76	3	-1
232	58	3	-1
232	46	3	-1
232	9	3	-1
232	47	3	1
232	43	3	1
233	40	9	1
233	78	9	-1
233	76	9	-1
233	46	9	1
233	22	9	1
233	35	9	1
234	50	8	1
234	51	8	-1
234	19	8	-1
234	17	8	-1
234	9	8	-1
234	49	8	-1
235	64	5	1
235	7	5	1
235	47	5	-1
235	55	5	1
235	48	5	1
235	70	5	1
236	6	4	1
236	40	4	1
236	32	4	1
236	37	4	-1
236	20	4	-1
236	60	4	-1
237	21	17	-1
237	29	17	1
237	58	17	1
237	69	17	1
237	22	17	1
237	61	17	1
238	6	3	-1
238	37	3	1
238	27	3	1
238	36	3	-1
238	41	3	1
238	54	3	1
239	32	13	1
239	47	13	-1
239	49	13	-1
239	35	13	1
239	24	19	1
239	4	13	-1
240	18	9	1
240	57	9	-1
240	42	9	-1
240	34	9	1
240	22	9	-1
240	20	9	1
241	64	10	1
241	12	16	1
241	65	10	1
241	63	10	1
241	46	16	1
241	36	16	-1
242	5	12	-1
242	40	12	-1
242	72	12	1
242	27	12	-1
242	3	12	-1
242	70	12	-1
243	64	10	1
243	12	10	-1
243	51	10	1
243	39	10	1
243	76	10	-1
243	19	10	-1
244	8	9	-1
244	63	9	-1
244	47	9	-1
244	41	9	1
244	71	9	1
244	20	9	1
245	30	8	-1
245	65	8	1
245	29	8	-1
245	62	8	-1
245	27	8	-1
245	26	8	-1
246	6	3	-1
246	76	3	-1
246	42	3	1
246	61	3	1
246	48	3	-1
246	11	3	1
247	73	18	-1
247	39	18	-1
247	18	18	-1
247	45	18	-1
247	9	18	1
247	36	18	1
248	38	9	-1
248	42	9	-1
248	37	9	-1
248	49	9	1
248	35	9	1
248	11	9	1
249	33	3	-1
249	65	3	1
249	19	3	-1
249	55	3	1
249	48	3	1
249	20	3	-1
250	21	15	1
250	39	15	1
250	58	15	-1
250	69	2	1
250	3	15	-1
250	61	15	-1
251	64	10	1
251	29	10	-1
251	57	13	-1
251	37	13	-1
251	16	13	-1
251	70	13	-1
252	38	17	1
252	32	17	1
252	76	17	1
252	62	17	1
252	17	17	1
252	14	17	1
253	12	8	-1
253	29	8	-1
253	16	8	-1
253	47	8	-1
253	52	8	-1
253	41	8	-1
254	65	13	1
254	57	13	-1
254	22	13	-1
254	35	13	-1
254	25	13	-1
254	61	13	1
255	73	9	1
255	5	17	1
255	40	9	1
255	38	9	-1
255	72	9	-1
255	70	9	1
256	12	4	-1
256	30	4	1
256	18	4	-1
256	42	4	-1
256	2	4	-1
256	3	4	1
257	79	12	1
257	63	12	1
257	58	12	1
257	37	12	1
257	52	12	-1
257	4	12	-1
258	7	17	1
258	19	17	1
258	2	17	-1
258	3	1	1
258	11	17	-1
258	20	17	-1
259	30	9	1
259	27	9	-1
259	41	9	-1
259	56	9	1
259	61	9	1
259	70	9	1
260	18	8	-1
260	45	8	-1
260	9	8	1
260	36	8	-1
260	52	8	1
260	14	8	-1
261	64	3	-1
261	47	3	1
261	35	3	1
261	52	3	1
261	20	3	-1
261	54	3	1
262	64	19	1
262	69	19	1
262	60	19	1
263	64	9	1
263	21	9	1
263	67	9	-1
263	47	9	-1
263	34	9	1
263	48	9	1
264	76	16	-1
264	67	16	-1
264	25	16	1
264	41	16	1
264	61	16	1
264	60	16	1
265	72	19	1
266	74	5	-1
266	7	5	1
266	58	5	-1
266	47	5	-1
266	56	5	-1
266	71	5	1
267	73	8	1
267	21	8	1
267	74	8	-1
267	3	8	-1
267	70	8	-1
267	4	8	-1
268	64	1	1
268	74	4	-1
268	9	4	-1
268	44	4	-1
268	14	4	1
268	56	4	1
269	64	16	-1
269	39	16	1
269	18	16	1
269	55	16	1
269	3	16	1
269	61	16	1
270	6	10	-1
270	67	12	-1
270	72	10	-1
270	19	10	-1
270	27	10	1
270	71	12	-1
271	15	8	-1
271	45	8	1
271	10	8	1
271	19	8	-1
271	34	8	-1
271	56	8	-1
272	38	9	-1
272	8	9	-1
272	42	9	-1
272	9	9	1
272	34	9	-1
272	59	9	1
273	15	4	1
273	74	4	1
273	34	4	-1
273	49	4	-1
273	36	4	-1
273	35	4	-1
274	65	10	1
274	74	2	1
274	18	10	-1
274	42	19	1
274	46	11	-1
274	43	10	1
275	64	7	-1
275	50	7	1
275	31	7	1
275	67	7	-1
275	45	7	-1
275	37	7	-1
276	50	17	1
276	15	17	1
276	51	17	-1
276	2	17	1
276	22	17	1
276	44	17	1
277	79	9	1
277	16	9	-1
277	35	9	-1
277	52	9	1
277	25	9	-1
277	44	9	1
